0, 1.4142135623730951, 0.9999999999999999, 0.16666666666666657 
1, 1.4142135623730951, 0.9999999999999999, 0.16666666666666657 
2, 1.4142135623730951, 0.9999999999999999, 0.16666666666666657 
3, 1.4142135623730951, 0.9999999999999999, 0.16666666666666657 
4, 1.4142135623730951, 0.9999999999999999, 0.16666666666666657 
5, 1.4142135623730951, 0.9999999999999999, 0.16666666666666657 
6, 1.4142135623730951, 0.9999999999999999, 0.16666666666666657 
7, 1.4142135623730951, 0.9999999999999999, 0.16666666666666657 
8, 1.4142135623730951, 0.9999999999999999, 0.16666666666666657 
9, 1.4142135623730951, 0.9999999999999999, 0.16666666666666657 
10, 1.4142135623730951, 0.9999999999999999, 0.16666666666666657 
11, 1.4142135623730951, 0.9999999999999999, 0.16666666666666657 
12, 1.4142135623730951, 0.9999999999999999, 0.16666666666666657 
13, 1.4142135623730951, 0.9999999999999999, 0.16666666666666657 
14, 1.4142135623730951, 0.9999999999999999, 0.16666666666666657 
15, 1.4142135623730951, 0.9999999999999999, 0.16666666666666657 
16, 1.4142135623730951, 0.9999999999999999, 0.16666666666666657 
17, 1.4142135623730951, 0.9999999999999999, 0.16666666666666657 
18, 1.4142135623730951, 0.9999999999999999, 0.16666666666666657 
19, 1.4142135623730951, 0.9999999999999999, 0.16666666666666657 
20, 1.4142135623730951, 0.9999999999999999, 0.16666666666666657 
21, 1.4142135623730951, 0.9999999999999999, 0.16666666666666657 
22, 1.4142135623730951, 0.9999999999999999, 0.16666666666666657 
23, 1.4142135623730951, 0.9999999999999999, 0.16666666666666657 
24, 1.4142135623730951, 0.9999999999999999, 0.16666666666666657 
25, 1.4142135623730951, 0.9999999999999999, 0.16666666666666657 
26, 1.4142135623730951, 0.9999999999999999, 0.16666666666666657 
27, 1.4142135623730951, 0.9999999999999999, 0.16666666666666657 
28, 1.4142135623730951, 0.9999999999999999, 0.16666666666666657 
29, 1.4142135623730951, 0.9999999999999999, 0.16666666666666657 
30, 1.4142135623730951, 0.9999999999999999, 0.16666666666666657 
31, 1.4142135623730951, 0.9999999999999999, 0.16666666666666657 
32, 1.4142135623730951, 0.9999999999999999, 0.16666666666666657 
33, 1.4142135623730951, 0.9999999999999999, 0.16666666666666657 
34, 1.4142135623730951, 0.9999999999999999, 0.16666666666666657 
35, 1.4142135623730951, 0.9999999999999999, 0.16666666666666657 
36, 1.4142135623730951, 0.9999999999999999, 0.16666666666666657 
37, 1.4142135623730951, 0.9999999999999999, 0.16666666666666657 
38, 1.4142135623730951, 0.9999999999999999, 0.16666666666666657 
39, 1.4142135623730951, 0.9999999999999999, 0.16666666666666657 
40, 1.4142135623730951, 0.9999999999999999, 0.16666666666666657 
41, 1.4142135623730951, 0.9999999999999999, 0.16666666666666657 
42, 1.4142135623730951, 0.9999999999999999, 0.16666666666666657 
43, 1.4142135623730951, 0.9999999999999999, 0.16666666666666657 
44, 1.4142135623730951, 0.9999999999999999, 0.16666666666666657 
45, 1.4142135623730951, 0.9999999999999999, 0.16666666666666657 
46, 1.4142135623730951, 0.9999999999999999, 0.16666666666666657 
47, 1.4142135623730951, 0.9999999999999999, 0.16666666666666657 
48, 1.4142135623730951, 0.9999999999999999, 0.16666666666666657 
49, 1.4142135623730951, 0.9999999999999999, 0.16666666666666657 
50, 1.4142135623730951, 0.9999999999999999, 0.16666666666666657 
51, 1.4142135623730951, 0.9999999999999999, 0.16666666666666657 
52, 1.4142135623730951, 0.9999999999999999, 0.16666666666666657 
53, 1.4142135623730951, 0.9999999999999999, 0.16666666666666657 
54, 1.4142135623730951, 0.9999999999999999, 0.16666666666666657 
55, 1.4142135623730951, 0.9999999999999999, 0.16666666666666657 
56, 1.4142135623730951, 0.9999999999999999, 0.16666666666666657 
57, 1.4142135623730951, 0.9999999999999999, 0.16666666666666657 
58, 1.4142135623730951, 0.9999999999999999, 0.16666666666666657 
59, 1.4142135623730951, 0.9999999999999999, 0.16666666666666657 
60, 1.4142135623730951, 0.9999999999999999, 0.16666666666666657 
61, 1.4142135623730951, 0.9999999999999999, 0.16666666666666657 
62, 1.4142135623730951, 0.9999999999999999, 0.16666666666666657 
63, 1.4142135623730951, 0.9999999999999999, 0.16666666666666657 
64, 1.4142135623730951, 0.9999999999999999, 0.16666666666666657 
65, 1.4142135623730951, 0.9999999999999999, 0.16666666666666657 
66, 1.4142135623730951, 0.9999999999999999, 0.16666666666666657 
67, 1.4142135623730951, 0.9999999999999999, 0.16666666666666657 
68, 1.4142135623730951, 0.9999999999999999, 0.16666666666666657 
69, 1.4142135623730951, 0.9999999999999999, 0.16666666666666657 
70, 1.4142135623730951, 0.9999999999999999, 0.16666666666666657 
71, 1.4142135623730951, 0.9999999999999999, 0.16666666666666657 
72, 1.4142135623730951, 0.9999999999999999, 0.16666666666666657 
73, 1.4142135623730951, 0.9999999999999999, 0.16666666666666657 
74, 1.4142135623730951, 0.9999999999999999, 0.16666666666666657 
75, 1.4142135623730951, 0.9999999999999999, 0.16666666666666657 
76, 1.4142135623730951, 0.9999999999999999, 0.16666666666666657 
77, 1.4142135623730951, 0.9999999999999999, 0.16666666666666657 
78, 1.4142135623730951, 0.9999999999999999, 0.16666666666666657 
79, 1.4142135623730951, 0.9999999999999999, 0.16666666666666657 
80, 1.4142135623730951, 0.9999999999999999, 0.16666666666666657 
81, 1.4142135623730951, 0.9999999999999999, 0.16666666666666657 
82, 1.4142135623730951, 0.9999999999999999, 0.16666666666666657 
83, 1.4142135623730951, 0.9999999999999999, 0.16666666666666657 
84, 1.4142135623730951, 0.9999999999999999, 0.16666666666666657 
85, 1.4142135623730951, 0.9999999999999999, 0.16666666666666657 
86, 1.4142135623730951, 0.9999999999999999, 0.16666666666666657 
87, 1.4142135623730951, 0.9999999999999999, 0.16666666666666657 
88, 1.4142135623730951, 0.9999999999999999, 0.16666666666666657 
89, 1.4142135623730951, 0.9999999999999999, 0.16666666666666657 
90, 1.4142135623730951, 0.9999999999999999, 0.16666666666666657 
91, 1.4142135623730951, 0.9999999999999999, 0.16666666666666657 
92, 1.4142135623730951, 0.9999999999999999, 0.16666666666666657 
93, 1.4142135623730951, 0.9999999999999999, 0.16666666666666657 
94, 1.4142135623730951, 0.9999999999999999, 0.16666666666666657 
95, 1.4142135623730951, 0.9999999999999999, 0.16666666666666657 
96, 1.4142135623730951, 0.9999999999999999, 0.16666666666666657 
97, 1.4142135623730951, 0.9999999999999999, 0.16666666666666657 
98, 1.4142135623730951, 0.9999999999999999, 0.16666666666666657 
99, 1.4142135623730951, 0.9999999999999999, 0.16666666666666657 
100, 1.4142135623730951, 0.9999999999999999, 0.16666666666666657 
101, 1.4142135623730951, 0.9999999999999999, 0.16666666666666657 
102, 1.4142135623730951, 0.9999999999999999, 0.16666666666666657 
103, 1.4142135623730951, 0.9999999999999999, 0.16666666666666657 
104, 1.4142135623730951, 0.9999999999999999, 0.16666666666666657 
105, 1.4142135623730951, 0.9999999999999999, 0.16666666666666657 
106, 1.4142135623730951, 0.9999999999999999, 0.16666666666666657 
107, 1.4142135623730951, 0.9999999999999999, 0.16666666666666657 
108, 1.4142135623730951, 0.9999999999999999, 0.16666666666666657 
109, 1.4142135623730951, 0.9999999999999999, 0.16666666666666657 
110, 1.4142135623730951, 0.9999999999999999, 0.16666666666666657 
111, 1.4142135623730951, 0.9999999999999999, 0.16666666666666657 
112, 1.4142135623730951, 0.9999999999999999, 0.16666666666666657 
113, 1.4142135623730951, 0.9999999999999999, 0.16666666666666657 
114, 1.4142135623730951, 0.9999999999999999, 0.16666666666666657 
115, 1.4142135623730951, 0.9999999999999999, 0.16666666666666657 
116, 1.4142135623730951, 0.9999999999999999, 0.16666666666666657 
117, 1.4142135623730951, 0.9999999999999999, 0.16666666666666657 
118, 1.4142135623730951, 0.9999999999999999, 0.16666666666666657 
119, 1.4142135623730951, 0.9999999999999999, 0.16666666666666657 
120, 1.4142135623730951, 0.9999999999999999, 0.16666666666666657 
121, 1.4142135623730951, 0.9999999999999999, 0.16666666666666657 
122, 1.4142135623730951, 0.9999999999999999, 0.16666666666666657 
123, 1.4142135623730951, 0.9999999999999999, 0.16666666666666657 
124, 1.4142135623730951, 0.9999999999999999, 0.16666666666666657 
125, 1.4142135623730951, 0.9999999999999999, 0.16666666666666657 
126, 1.4142135623730951, 0.9999999999999999, 0.16666666666666657 
127, 1.4142135623730951, 0.9999999999999999, 0.16666666666666657 
128, 1.4142135623730951, 0.9999999999999999, 0.16666666666666657 
129, 1.4142135623730951, 0.9999999999999999, 0.16666666666666657 
130, 1.4142135623730951, 0.9999999999999999, 0.16666666666666657 
131, 1.4142135623730951, 0.9999999999999999, 0.16666666666666657 
132, 1.4142135623730951, 0.9999999999999999, 0.16666666666666657 
133, 1.4142135623730951, 0.9999999999999999, 0.16666666666666657 
134, 1.4142135623730951, 0.9999999999999999, 0.16666666666666657 
135, 1.4142135623730951, 0.9999999999999999, 0.16666666666666657 
136, 1.4142135623730951, 0.9999999999999999, 0.16666666666666657 
137, 1.4142135623730951, 0.9999999999999999, 0.16666666666666657 
138, 1.4142135623730951, 0.9999999999999999, 0.16666666666666657 
139, 1.4142135623730951, 0.9999999999999999, 0.16666666666666657 
140, 1.4142135623730951, 0.9999999999999999, 0.16666666666666657 
141, 1.4142135623730951, 0.9999999999999999, 0.16666666666666657 
142, 1.4142135623730951, 0.9999999999999999, 0.16666666666666657 
143, 1.4142135623730951, 0.9999999999999999, 0.16666666666666657 
144, 1.4142135623730951, 0.9999999999999999, 0.16666666666666657 
145, 1.4142135623730951, 0.9999999999999999, 0.16666666666666657 
146, 1.4142135623730951, 0.9999999999999999, 0.16666666666666657 
147, 1.4142135623730951, 0.9999999999999999, 0.16666666666666657 
148, 1.4142135623730951, 0.9999999999999999, 0.16666666666666657 
149, 1.4142135623730951, 0.9999999999999999, 0.16666666666666657 
150, 1.4142135623730951, 0.9999999999999999, 0.16666666666666657 
151, 1.4142135623730951, 0.9999999999999999, 0.16666666666666657 
152, 1.4142135623730951, 0.9999999999999999, 0.16666666666666657 
153, 1.4142135623730951, 0.9999999999999999, 0.16666666666666657 
154, 1.4142135623730951, 0.9999999999999999, 0.16666666666666657 
155, 1.4142135623730951, 0.9999999999999999, 0.16666666666666657 
156, 1.4142135623730951, 0.9999999999999999, 0.16666666666666657 
157, 1.4142135623730951, 0.9999999999999999, 0.16666666666666657 
158, 1.4142135623730951, 0.9999999999999999, 0.16666666666666657 
159, 1.4142135623730951, 0.9999999999999999, 0.16666666666666657 
160, 1.4142135623730951, 0.9999999999999999, 0.16666666666666657 
161, 1.4142135623730951, 0.9999999999999999, 0.16666666666666657 
162, 1.4142135623730951, 0.9999999999999999, 0.16666666666666657 
163, 1.4142135623730951, 0.9999999999999999, 0.16666666666666657 
164, 1.4142135623730951, 0.9999999999999999, 0.16666666666666657 
165, 1.4142135623730951, 0.9999999999999999, 0.16666666666666657 
166, 1.4142135623730951, 0.9999999999999999, 0.16666666666666657 
167, 1.4142135623730951, 0.9999999999999999, 0.16666666666666657 
168, 1.4142135623730951, 0.9999999999999999, 0.16666666666666657 
169, 1.4142135623730951, 0.9999999999999999, 0.16666666666666657 
170, 1.4142135623730951, 0.9999999999999999, 0.16666666666666657 
171, 1.4142135623730951, 0.9999999999999999, 0.16666666666666657 
172, 1.4142135623730951, 0.9999999999999999, 0.16666666666666657 
173, 1.4142135623730951, 0.9999999999999999, 0.16666666666666657 
174, 1.4142135623730951, 0.9999999999999999, 0.16666666666666657 
175, 1.4142135623730951, 0.9999999999999999, 0.16666666666666657 
176, 1.4142135623730951, 0.9999999999999999, 0.16666666666666657 
177, 1.4142135623730951, 0.9999999999999999, 0.16666666666666657 
178, 1.4142135623730951, 0.9999999999999999, 0.16666666666666657 
179, 1.4142135623730951, 0.9999999999999999, 0.16666666666666657 
180, 1.4142135623730951, 0.9999999999999999, 0.16666666666666657 
181, 1.4142135623730951, 0.9999999999999999, 0.16666666666666657 
182, 1.4142135623730951, 0.9999999999999999, 0.16666666666666657 
183, 1.4142135623730951, 0.9999999999999999, 0.16666666666666657 
184, 1.4142135623730951, 0.9999999999999999, 0.16666666666666657 
185, 1.4142135623730951, 0.9999999999999999, 0.16666666666666657 
186, 1.4142135623730951, 0.9999999999999999, 0.16666666666666657 
187, 1.4142135623730951, 0.9999999999999999, 0.16666666666666657 
188, 1.4142135623730951, 0.9999999999999999, 0.16666666666666657 
189, 1.4142135623730951, 0.9999999999999999, 0.16666666666666657 
190, 1.4142135623730951, 0.9999999999999999, 0.16666666666666657 
191, 1.4142135623730951, 0.9999999999999999, 0.16666666666666657 
192, 1.4142135623730951, 0.9999999999999999, 0.16666666666666657 
193, 1.4142135623730951, 0.9999999999999999, 0.16666666666666657 
194, 1.4142135623730951, 0.9999999999999999, 0.16666666666666657 
195, 1.4142135623730951, 0.9999999999999999, 0.16666666666666657 
196, 1.4142135623730951, 0.9999999999999999, 0.16666666666666657 
197, 1.4142135623730951, 0.9999999999999999, 0.16666666666666657 
198, 1.4142135623730951, 0.9999999999999999, 0.16666666666666657 
199, 1.4142135623730951, 0.9999999999999999, 0.16666666666666657 
200, 1.4142135623730951, 0.9999999999999999, 0.16666666666666657 
201, 1.4142135623730951, 0.9999999999999999, 0.16666666666666657 
202, 1.4142135623730951, 0.9999999999999999, 0.16666666666666657 
203, 1.4142135623730951, 0.9999999999999999, 0.16666666666666657 
204, 1.4142135623730951, 0.9999999999999999, 0.16666666666666657 
205, 1.4142135623730951, 0.9999999999999999, 0.16666666666666657 
206, 1.4142135623730951, 0.9999999999999999, 0.16666666666666657 
207, 1.4142135623730951, 0.9999999999999999, 0.16666666666666657 
208, 1.4142135623730951, 0.9999999999999999, 0.16666666666666657 
209, 1.4142135623730951, 0.9999999999999999, 0.16666666666666657 
210, 1.4142135623730951, 0.9999999999999999, 0.16666666666666657 
211, 1.4142135623730951, 0.9999999999999999, 0.16666666666666657 
212, 1.4142135623730951, 0.9999999999999999, 0.16666666666666657 
213, 1.4142135623730951, 0.9999999999999999, 0.16666666666666657 
214, 1.4142135623730951, 0.9999999999999999, 0.16666666666666657 
215, 1.4142135623730951, 0.9999999999999999, 0.16666666666666657 
216, 1.4142135623730951, 0.9999999999999999, 0.16666666666666657 
217, 1.4142135623730951, 0.9999999999999999, 0.16666666666666657 
218, 1.4142135623730951, 0.9999999999999999, 0.16666666666666657 
219, 1.4142135623730951, 0.9999999999999999, 0.16666666666666657 
220, 1.4142135623730951, 0.9999999999999999, 0.16666666666666657 
221, 1.4142135623730951, 0.9999999999999999, 0.16666666666666657 
222, 1.4142135623730951, 0.9999999999999999, 0.16666666666666657 
223, 1.4142135623730951, 0.9999999999999999, 0.16666666666666657 
224, 1.4142135623730951, 0.9999999999999999, 0.16666666666666657 
225, 1.4142135623730951, 0.9999999999999999, 0.16666666666666657 
226, 1.4142135623730951, 0.9999999999999999, 0.16666666666666657 
227, 1.4142135623730951, 0.9999999999999999, 0.16666666666666657 
228, 1.4142135623730951, 0.9999999999999999, 0.16666666666666657 
229, 1.4142135623730951, 0.9999999999999999, 0.16666666666666657 
230, 1.4142135623730951, 0.9999999999999999, 0.16666666666666657 
231, 1.4142135623730951, 0.9999999999999999, 0.16666666666666657 
232, 1.4142135623730951, 0.9999999999999999, 0.16666666666666657 
233, 1.4142135623730951, 0.9999999999999999, 0.16666666666666657 
234, 1.4142135623730951, 0.9999999999999999, 0.16666666666666657 
235, 1.4142135623730951, 0.9999999999999999, 0.16666666666666657 
236, 1.4142135623730951, 0.9999999999999999, 0.16666666666666657 
237, 1.4142135623730951, 0.9999999999999999, 0.16666666666666657 
238, 1.4142135623730951, 0.9999999999999999, 0.16666666666666657 
239, 1.4142135623730951, 0.9999999999999999, 0.16666666666666657 
240, 1.4142135623730951, 0.9999999999999999, 0.16666666666666657 
241, 1.4142135623730951, 0.9999999999999999, 0.16666666666666657 
242, 1.4142135623730951, 0.9999999999999999, 0.16666666666666657 
243, 1.4142135623730951, 0.9999999999999999, 0.16666666666666657 
244, 1.4142135623730951, 0.9999999999999999, 0.16666666666666657 
245, 1.4142135623730951, 0.9999999999999999, 0.16666666666666657 
246, 1.4142135623730951, 0.9999999999999999, 0.16666666666666657 
247, 1.4142135623730951, 0.9999999999999999, 0.16666666666666657 
248, 1.4142135623730951, 0.9999999999999999, 0.16666666666666657 
249, 1.4142135623730951, 0.9999999999999999, 0.16666666666666657 
250, 1.4142135623730951, 0.9999999999999999, 0.16666666666666657 
251, 1.4142135623730951, 0.9999999999999999, 0.16666666666666657 
252, 1.4142135623730951, 0.9999999999999999, 0.16666666666666657 
253, 1.4142135623730951, 0.9999999999999999, 0.16666666666666657 
254, 1.4142135623730951, 0.9999999999999999, 0.16666666666666657 
255, 1.4142135623730951, 0.9999999999999999, 0.16666666666666657 
256, 1.4142135623730951, 0.9999999999999999, 0.16666666666666657 
257, 1.4142135623730951, 0.9999999999999999, 0.16666666666666657 
258, 1.4142135623730951, 0.9999999999999999, 0.16666666666666657 
259, 1.4142135623730951, 0.9999999999999999, 0.16666666666666657 
260, 1.4142135623730951, 0.9999999999999999, 0.16666666666666657 
261, 1.4142135623730951, 0.9999999999999999, 0.16666666666666657 
262, 1.4142135623730951, 0.9999999999999999, 0.16666666666666657 
263, 1.4142135623730951, 0.9999999999999999, 0.16666666666666657 
264, 1.4142135623730951, 0.9999999999999999, 0.16666666666666657 
265, 1.4142135623730951, 0.9999999999999999, 0.16666666666666657 
266, 1.4142135623730951, 0.9999999999999999, 0.16666666666666657 
267, 1.4142135623730951, 0.9999999999999999, 0.16666666666666657 
268, 1.4142135623730951, 0.9999999999999999, 0.16666666666666657 
269, 1.4142135623730951, 0.9999999999999999, 0.16666666666666657 
270, 1.4142135623730951, 0.9999999999999999, 0.16666666666666657 
271, 1.4142135623730951, 0.9999999999999999, 0.16666666666666657 
272, 1.4142135623730951, 0.9999999999999999, 0.16666666666666657 
273, 1.4142135623730951, 0.9999999999999999, 0.16666666666666657 
274, 1.4142135623730951, 0.9999999999999999, 0.16666666666666657 
275, 1.4142135623730951, 0.9999999999999999, 0.16666666666666657 
276, 1.4142135623730951, 0.9999999999999999, 0.16666666666666657 
277, 1.4142135623730951, 0.9999999999999999, 0.16666666666666657 
278, 1.4142135623730951, 0.9999999999999999, 0.16666666666666657 
279, 1.4142135623730951, 0.9999999999999999, 0.16666666666666657 
280, 1.4142135623730951, 0.9999999999999999, 0.16666666666666657 
281, 1.4142135623730951, 0.9999999999999999, 0.16666666666666657 
282, 1.4142135623730951, 0.9999999999999999, 0.16666666666666657 
283, 1.4142135623730951, 0.9999999999999999, 0.16666666666666657 
284, 1.4142135623730951, 0.9999999999999999, 0.16666666666666657 
285, 1.4142135623730951, 0.9999999999999999, 0.16666666666666657 
286, 1.4142135623730951, 0.9999999999999999, 0.16666666666666657 
287, 1.4142135623730951, 0.9999999999999999, 0.16666666666666657 
288, 1.4142135623730951, 0.9999999999999999, 0.16666666666666657 
289, 1.4142135623730951, 0.9999999999999999, 0.16666666666666657 
290, 1.4142135623730951, 0.9999999999999999, 0.16666666666666657 
291, 1.4142135623730951, 0.9999999999999999, 0.16666666666666657 
292, 1.4142135623730951, 0.9999999999999999, 0.16666666666666657 
293, 1.4142135623730951, 0.9999999999999999, 0.16666666666666657 
294, 1.4142135623730951, 0.9999999999999999, 0.16666666666666657 
295, 1.4142135623730951, 0.9999999999999999, 0.16666666666666657 
296, 1.4142135623730951, 0.9999999999999999, 0.16666666666666657 
297, 1.4142135623730951, 0.9999999999999999, 0.16666666666666657 
298, 1.4142135623730951, 0.9999999999999999, 0.16666666666666657 
299, 1.4142135623730951, 0.9999999999999999, 0.16666666666666657 
300, 1.4142135623730951, 0.9999999999999999, 0.16666666666666657 
301, 1.4142135623730951, 0.9999999999999999, 0.16666666666666657 
302, 1.4142135623730951, 0.9999999999999999, 0.16666666666666657 
303, 1.4142135623730951, 0.9999999999999999, 0.16666666666666657 
304, 1.4142135623730951, 0.9999999999999999, 0.16666666666666657 
305, 1.4142135623730951, 0.9999999999999999, 0.16666666666666657 
306, 1.4142135623730951, 0.9999999999999999, 0.16666666666666657 
307, 1.4142135623730951, 0.9999999999999999, 0.16666666666666657 
308, 1.4142135623730951, 0.9999999999999999, 0.16666666666666657 
309, 1.4142135623730951, 0.9999999999999999, 0.16666666666666657 
310, 1.4142135623730951, 0.9999999999999999, 0.16666666666666657 
311, 1.4142135623730951, 0.9999999999999999, 0.16666666666666657 
312, 1.4142135623730951, 0.9999999999999999, 0.16666666666666657 
313, 1.4142135623730951, 0.9999999999999999, 0.16666666666666657 
314, 1.4142135623730951, 0.9999999999999999, 0.16666666666666657 
315, 1.4142135623730951, 0.9999999999999999, 0.16666666666666657 
316, 1.4142135623730951, 0.9999999999999999, 0.16666666666666657 
317, 1.4142135623730951, 0.9999999999999999, 0.16666666666666657 
318, 1.4142135623730951, 0.9999999999999999, 0.16666666666666657 
319, 1.4142135623730951, 0.9999999999999999, 0.16666666666666657 
320, 1.4142135623730951, 0.9999999999999999, 0.16666666666666657 
321, 1.4142135623730951, 0.9999999999999999, 0.16666666666666657 
322, 1.4142135623730951, 0.9999999999999999, 0.16666666666666657 
323, 1.4142135623730951, 0.9999999999999999, 0.16666666666666657 
324, 1.4142135623730951, 0.9999999999999999, 0.16666666666666657 
325, 1.4142135623730951, 0.9999999999999999, 0.16666666666666657 
326, 1.4142135623730951, 0.9999999999999999, 0.16666666666666657 
327, 1.4142135623730951, 0.9999999999999999, 0.16666666666666657 
328, 1.4142135623730951, 0.9999999999999999, 0.16666666666666657 
329, 1.4142135623730951, 0.9999999999999999, 0.16666666666666657 
330, 1.4142135623730951, 0.9999999999999999, 0.16666666666666657 
331, 1.4142135623730951, 0.9999999999999999, 0.16666666666666657 
332, 1.4142135623730951, 0.9999999999999999, 0.16666666666666657 
333, 1.4142135623730951, 0.9999999999999999, 0.16666666666666657 
334, 1.4142135623730951, 0.9999999999999999, 0.16666666666666657 
335, 1.4142135623730951, 0.9999999999999999, 0.16666666666666657 
336, 1.4142135623730951, 0.9999999999999999, 0.16666666666666657 
337, 1.4142135623730951, 0.9999999999999999, 0.16666666666666657 
338, 1.4142135623730951, 0.9999999999999999, 0.16666666666666657 
339, 1.4142135623730951, 0.9999999999999999, 0.16666666666666657 
340, 1.4142135623730951, 0.9999999999999999, 0.16666666666666657 
341, 1.4142135623730951, 0.9999999999999999, 0.16666666666666657 
342, 1.4142135623730951, 0.9999999999999999, 0.16666666666666657 
343, 1.4142135623730951, 0.9999999999999999, 0.16666666666666657 
344, 1.4142135623730951, 0.9999999999999999, 0.16666666666666657 
345, 1.4142135623730951, 0.9999999999999999, 0.16666666666666657 
346, 1.4142135623730951, 0.9999999999999999, 0.16666666666666657 
347, 1.4142135623730951, 0.9999999999999999, 0.16666666666666657 
348, 1.4142135623730951, 0.9999999999999999, 0.16666666666666657 
349, 1.4142135623730951, 0.9999999999999999, 0.16666666666666657 
350, 1.4142135623730951, 0.9999999999999999, 0.16666666666666657 
351, 1.4142135623730951, 0.9999999999999999, 0.16666666666666657 
352, 1.4142135623730951, 0.9999999999999999, 0.16666666666666657 
353, 1.4142135623730951, 0.9999999999999999, 0.16666666666666657 
354, 1.4142135623730951, 0.9999999999999999, 0.16666666666666657 
355, 1.4142135623730951, 0.9999999999999999, 0.16666666666666657 
356, 1.4142135623730951, 0.9999999999999999, 0.16666666666666657 
357, 1.4142135623730951, 0.9999999999999999, 0.16666666666666657 
358, 1.4142135623730951, 0.9999999999999999, 0.16666666666666657 
359, 1.4142135623730951, 0.9999999999999999, 0.16666666666666657 
360, 1.4142135623730951, 0.9999999999999999, 0.16666666666666657 
361, 1.4142135623730951, 0.9999999999999999, 0.16666666666666657 
362, 1.4142135623730951, 0.9999999999999999, 0.16666666666666657 
363, 1.4142135623730951, 0.9999999999999999, 0.16666666666666657 
364, 1.4142135623730951, 0.9999999999999999, 0.16666666666666657 
365, 1.4142135623730951, 0.9999999999999999, 0.16666666666666657 
366, 1.4142135623730951, 0.9999999999999999, 0.16666666666666657 
367, 1.4142135623730951, 0.9999999999999999, 0.16666666666666657 
368, 1.4142135623730951, 0.9999999999999999, 0.16666666666666657 
369, 1.4142135623730951, 0.9999999999999999, 0.16666666666666657 
370, 1.4142135623730951, 0.9999999999999999, 0.16666666666666657 
371, 1.4142135623730951, 0.9999999999999999, 0.16666666666666657 
372, 1.4142135623730951, 0.9999999999999999, 0.16666666666666657 
373, 1.4142135623730951, 0.9999999999999999, 0.16666666666666657 
374, 1.4142135623730951, 0.9999999999999999, 0.16666666666666657 
375, 1.4142135623730951, 0.9999999999999999, 0.16666666666666657 
376, 1.4142135623730951, 0.9999999999999999, 0.16666666666666657 
377, 1.4142135623730951, 0.9999999999999999, 0.16666666666666657 
378, 1.4142135623730951, 0.9999999999999999, 0.16666666666666657 
379, 1.4142135623730951, 0.9999999999999999, 0.16666666666666657 
380, 1.4142135623730951, 0.9999999999999999, 0.16666666666666657 
381, 1.4142135623730951, 0.9999999999999999, 0.16666666666666657 
382, 1.4142135623730951, 0.9999999999999999, 0.16666666666666657 
383, 1.4142135623730951, 0.9999999999999999, 0.16666666666666657 
384, 1.4142135623730951, 0.9999999999999999, 0.16666666666666657 
385, 1.4142135623730951, 0.9999999999999999, 0.16666666666666657 
386, 1.4142135623730951, 0.9999999999999999, 0.16666666666666657 
387, 1.4142135623730951, 0.9999999999999999, 0.16666666666666657 
388, 1.4142135623730951, 0.9999999999999999, 0.16666666666666657 
389, 1.4142135623730951, 0.9999999999999999, 0.16666666666666657 
390, 1.4142135623730951, 0.9999999999999999, 0.16666666666666657 
391, 1.4142135623730951, 0.9999999999999999, 0.16666666666666657 
392, 1.4142135623730951, 0.9999999999999999, 0.16666666666666657 
393, 1.4142135623730951, 0.9999999999999999, 0.16666666666666657 
394, 1.4142135623730951, 0.9999999999999999, 0.16666666666666657 
395, 1.4142135623730951, 0.9999999999999999, 0.16666666666666657 
396, 1.4142135623730951, 0.9999999999999999, 0.16666666666666657 
397, 1.4142135623730951, 0.9999999999999999, 0.16666666666666657 
398, 1.4142135623730951, 0.9999999999999999, 0.16666666666666657 
399, 1.4142135623730951, 0.9999999999999999, 0.16666666666666657 
400, 1.4142135623730951, 0.9999999999999999, 0.16666666666666657 
401, 1.4142135623730951, 0.9999999999999999, 0.16666666666666657 
402, 1.4142135623730951, 0.9999999999999999, 0.16666666666666657 
403, 1.4142135623730951, 0.9999999999999999, 0.16666666666666657 
404, 1.4142135623730951, 0.9999999999999999, 0.16666666666666657 
405, 1.4142135623730951, 0.9999999999999999, 0.16666666666666657 
406, 1.4142135623730951, 0.9999999999999999, 0.16666666666666657 
407, 1.4142135623730951, 0.9999999999999999, 0.16666666666666657 
408, 1.4142135623730951, 0.9999999999999999, 0.16666666666666657 
409, 1.4142135623730951, 0.9999999999999999, 0.16666666666666657 
410, 1.4142135623730951, 0.9999999999999999, 0.16666666666666657 
411, 1.4142135623730951, 0.9999999999999999, 0.16666666666666657 
412, 1.4142135623730951, 0.9999999999999999, 0.16666666666666657 
413, 1.4142135623730951, 0.9999999999999999, 0.16666666666666657 
414, 1.4142135623730951, 0.9999999999999999, 0.16666666666666657 
415, 1.4142135623730951, 0.9999999999999999, 0.16666666666666657 
416, 1.4142135623730951, 0.9999999999999999, 0.16666666666666657 
417, 1.4142135623730951, 0.9999999999999999, 0.16666666666666657 
418, 1.4142135623730951, 0.9999999999999999, 0.16666666666666657 
419, 1.4142135623730951, 0.9999999999999999, 0.16666666666666657 
420, 1.4142135623730951, 0.9999999999999999, 0.16666666666666657 
421, 1.4142135623730951, 0.9999999999999999, 0.16666666666666657 
422, 1.4142135623730951, 0.9999999999999999, 0.16666666666666657 
423, 1.4142135623730951, 0.9999999999999999, 0.16666666666666657 
424, 1.4142135623730951, 0.9999999999999999, 0.16666666666666657 
425, 1.4142135623730951, 0.9999999999999999, 0.16666666666666657 
426, 1.4142135623730951, 0.9999999999999999, 0.16666666666666657 
427, 1.4142135623730951, 0.9999999999999999, 0.16666666666666657 
428, 1.4142135623730951, 0.9999999999999999, 0.16666666666666657 
429, 1.4142135623730951, 0.9999999999999999, 0.16666666666666657 
430, 1.4142135623730951, 0.9999999999999999, 0.16666666666666657 
431, 1.4142135623730951, 0.9999999999999999, 0.16666666666666657 
432, 1.4142135623730951, 0.9999999999999999, 0.16666666666666657 
433, 1.4142135623730951, 0.9999999999999999, 0.16666666666666657 
434, 1.4142135623730951, 0.9999999999999999, 0.16666666666666657 
435, 1.4142135623730951, 0.9999999999999999, 0.16666666666666657 
436, 1.4142135623730951, 0.9999999999999999, 0.16666666666666657 
437, 1.4142135623730951, 0.9999999999999999, 0.16666666666666657 
438, 1.4142135623730951, 0.9999999999999999, 0.16666666666666657 
439, 1.4142135623730951, 0.9999999999999999, 0.16666666666666657 
440, 1.4142135623730951, 0.9999999999999999, 0.16666666666666657 
441, 1.4142135623730951, 0.9999999999999999, 0.16666666666666657 
442, 1.4142135623730951, 0.9999999999999999, 0.16666666666666657 
443, 1.4142135623730951, 0.9999999999999999, 0.16666666666666657 
444, 1.4142135623730951, 0.9999999999999999, 0.16666666666666657 
445, 1.4142135623730951, 0.9999999999999999, 0.16666666666666657 
446, 1.4142135623730951, 0.9999999999999999, 0.16666666666666657 
447, 1.4142135623730951, 0.9999999999999999, 0.16666666666666657 
448, 1.4142135623730951, 0.9999999999999999, 0.16666666666666657 
449, 1.4142135623730951, 0.9999999999999999, 0.16666666666666657 
450, 1.4142135623730951, 0.9999999999999999, 0.16666666666666657 
451, 1.4142135623730951, 0.9999999999999999, 0.16666666666666657 
452, 1.4142135623730951, 0.9999999999999999, 0.16666666666666657 
453, 1.4142135623730951, 0.9999999999999999, 0.16666666666666657 
454, 1.4142135623730951, 0.9999999999999999, 0.16666666666666657 
455, 1.4142135623730951, 0.9999999999999999, 0.16666666666666657 
456, 1.4142135623730951, 0.9999999999999999, 0.16666666666666657 
457, 1.4142135623730951, 0.9999999999999999, 0.16666666666666657 
458, 1.4142135623730951, 0.9999999999999999, 0.16666666666666657 
459, 1.4142135623730951, 0.9999999999999999, 0.16666666666666657 
460, 1.4142135623730951, 0.9999999999999999, 0.16666666666666657 
461, 1.4142135623730951, 0.9999999999999999, 0.16666666666666657 
462, 1.4142135623730951, 0.9999999999999999, 0.16666666666666657 
463, 1.4142135623730951, 0.9999999999999999, 0.16666666666666657 
464, 1.4142135623730951, 0.9999999999999999, 0.16666666666666657 
465, 1.4142135623730951, 0.9999999999999999, 0.16666666666666657 
466, 1.4142135623730951, 0.9999999999999999, 0.16666666666666657 
467, 1.4142135623730951, 0.9999999999999999, 0.16666666666666657 
468, 1.4142135623730951, 0.9999999999999999, 0.16666666666666657 
469, 1.4142135623730951, 0.9999999999999999, 0.16666666666666657 
470, 1.4142135623730951, 0.9999999999999999, 0.16666666666666657 
471, 1.4142135623730951, 0.9999999999999999, 0.16666666666666657 
472, 1.4142135623730951, 0.9999999999999999, 0.16666666666666657 
473, 1.4142135623730951, 0.9999999999999999, 0.16666666666666657 
474, 1.4142135623730951, 0.9999999999999999, 0.16666666666666657 
475, 1.4142135623730951, 0.9999999999999999, 0.16666666666666657 
476, 1.4142135623730951, 0.9999999999999999, 0.16666666666666657 
477, 1.4142135623730951, 0.9999999999999999, 0.16666666666666657 
478, 1.4142135623730951, 0.9999999999999999, 0.16666666666666657 
479, 1.4142135623730951, 0.9999999999999999, 0.16666666666666657 
480, 1.4142135623730951, 0.9999999999999999, 0.16666666666666657 
481, 1.4142135623730951, 0.9999999999999999, 0.16666666666666657 
482, 1.4142135623730951, 0.9999999999999999, 0.16666666666666657 
483, 1.4142135623730951, 0.9999999999999999, 0.16666666666666657 
484, 1.4142135623730951, 0.9999999999999999, 0.16666666666666657 
485, 1.4142135623730951, 0.9999999999999999, 0.16666666666666657 
486, 1.4142135623730951, 0.9999999999999999, 0.16666666666666657 
487, 1.4142135623730951, 0.9999999999999999, 0.16666666666666657 
488, 1.4142135623730951, 0.9999999999999999, 0.16666666666666657 
489, 1.4142135623730951, 0.9999999999999999, 0.16666666666666657 
490, 1.4142135623730951, 0.9999999999999999, 0.16666666666666657 
491, 1.4142135623730951, 0.9999999999999999, 0.16666666666666657 
492, 1.4142135623730951, 0.9999999999999999, 0.16666666666666657 
493, 1.4142135623730951, 0.9999999999999999, 0.16666666666666657 
494, 1.4142135623730951, 0.9999999999999999, 0.16666666666666657 
495, 1.4142135623730951, 0.9999999999999999, 0.16666666666666657 
496, 1.4142135623730951, 0.9999999999999999, 0.16666666666666657 
497, 1.4142135623730951, 0.9999999999999999, 0.16666666666666657 
498, 1.4142135623730951, 0.9999999999999999, 0.16666666666666657 
499, 1.4142135623730951, 0.9999999999999999, 0.16666666666666657 
500, 1.4142135623730951, 0.9999999999999999, 0.16666666666666657 
501, 1.4142135623730951, 0.9999999999999999, 0.16666666666666657 
502, 1.4142135623730951, 0.9999999999999999, 0.16666666666666657 
503, 1.4142135623730951, 0.9999999999999999, 0.16666666666666657 
504, 1.4142135623730951, 0.9999999999999999, 0.16666666666666657 
505, 1.4142135623730951, 0.9999999999999999, 0.16666666666666657 
506, 1.4142135623730951, 0.9999999999999999, 0.16666666666666657 
507, 1.4142135623730951, 0.9999999999999999, 0.16666666666666657 
508, 1.4142135623730951, 0.9999999999999999, 0.16666666666666657 
509, 1.4142135623730951, 0.9999999999999999, 0.16666666666666657 
510, 1.4142135623730951, 0.9999999999999999, 0.16666666666666657 
511, 1.4142135623730951, 0.9999999999999999, 0.16666666666666657 
512, 1.4142135623730951, 0.9999999999999999, 0.16666666666666657 
513, 1.4142135623730951, 0.9999999999999999, 0.16666666666666657 
514, 1.4142135623730951, 0.9999999999999999, 0.16666666666666657 
515, 1.4142135623730951, 0.9999999999999999, 0.16666666666666657 
516, 1.4142135623730951, 0.9999999999999999, 0.16666666666666657 
517, 1.4142135623730951, 0.9999999999999999, 0.16666666666666657 
518, 1.4142135623730951, 0.9999999999999999, 0.16666666666666657 
519, 1.4142135623730951, 0.9999999999999999, 0.16666666666666657 
520, 1.4142135623730951, 0.9999999999999999, 0.16666666666666657 
521, 1.4142135623730951, 0.9999999999999999, 0.16666666666666657 
522, 1.4142135623730951, 0.9999999999999999, 0.16666666666666657 
523, 1.4142135623730951, 0.9999999999999999, 0.16666666666666657 
524, 1.4142135623730951, 0.9999999999999999, 0.16666666666666657 
525, 1.4142135623730951, 0.9999999999999999, 0.16666666666666657 
526, 1.4142135623730951, 0.9999999999999999, 0.16666666666666657 
527, 1.4142135623730951, 0.9999999999999999, 0.16666666666666657 
528, 1.4142135623730951, 0.9999999999999999, 0.16666666666666657 
529, 1.4142135623730951, 0.9999999999999999, 0.16666666666666657 
530, 1.4142135623730951, 0.9999999999999999, 0.16666666666666657 
531, 1.4142135623730951, 0.9999999999999999, 0.16666666666666657 
532, 1.4142135623730951, 0.9999999999999999, 0.16666666666666657 
533, 1.4142135623730951, 0.9999999999999999, 0.16666666666666657 
534, 1.4142135623730951, 0.9999999999999999, 0.16666666666666657 
535, 1.4142135623730951, 0.9999999999999999, 0.16666666666666657 
536, 1.4142135623730951, 0.9999999999999999, 0.16666666666666657 
537, 1.4142135623730951, 0.9999999999999999, 0.16666666666666657 
538, 1.4142135623730951, 0.9999999999999999, 0.16666666666666657 
539, 1.4142135623730951, 0.9999999999999999, 0.16666666666666657 
540, 1.4142135623730951, 0.9999999999999999, 0.16666666666666657 
541, 1.4142135623730951, 0.9999999999999999, 0.16666666666666657 
542, 1.4142135623730951, 0.9999999999999999, 0.16666666666666657 
543, 1.4142135623730951, 0.9999999999999999, 0.16666666666666657 
544, 1.4142135623730951, 0.9999999999999999, 0.16666666666666657 
545, 1.4142135623730951, 0.9999999999999999, 0.16666666666666657 
546, 1.4142135623730951, 0.9999999999999999, 0.16666666666666657 
547, 1.4142135623730951, 0.9999999999999999, 0.16666666666666657 
548, 1.4142135623730951, 0.9999999999999999, 0.16666666666666657 
549, 1.4142135623730951, 0.9999999999999999, 0.16666666666666657 
550, 1.4142135623730951, 0.9999999999999999, 0.16666666666666657 
551, 1.4142135623730951, 0.9999999999999999, 0.16666666666666657 
552, 1.4142135623730951, 0.9999999999999999, 0.16666666666666657 
553, 1.4142135623730951, 0.9999999999999999, 0.16666666666666657 
554, 1.4142135623730951, 0.9999999999999999, 0.16666666666666657 
555, 1.4142135623730951, 0.9999999999999999, 0.16666666666666657 
556, 1.4142135623730951, 0.9999999999999999, 0.16666666666666657 
557, 1.4142135623730951, 0.9999999999999999, 0.16666666666666657 
558, 1.4142135623730951, 0.9999999999999999, 0.16666666666666657 
559, 1.4142135623730951, 0.9999999999999999, 0.16666666666666657 
560, 1.4142135623730951, 0.9999999999999999, 0.16666666666666657 
561, 1.4142135623730951, 0.9999999999999999, 0.16666666666666657 
562, 1.4142135623730951, 0.9999999999999999, 0.16666666666666657 
563, 1.4142135623730951, 0.9999999999999999, 0.16666666666666657 
564, 1.4142135623730951, 0.9999999999999999, 0.16666666666666657 
565, 1.4142135623730951, 0.9999999999999999, 0.16666666666666657 
566, 1.4142135623730951, 0.9999999999999999, 0.16666666666666657 
567, 1.4142135623730951, 0.9999999999999999, 0.16666666666666657 
568, 1.4142135623730951, 0.9999999999999999, 0.16666666666666657 
569, 1.4142135623730951, 0.9999999999999999, 0.16666666666666657 
570, 1.4142135623730951, 0.9999999999999999, 0.16666666666666657 
571, 1.4142135623730951, 0.9999999999999999, 0.16666666666666657 
572, 1.4142135623730951, 0.9999999999999999, 0.16666666666666657 
573, 1.4142135623730951, 0.9999999999999999, 0.16666666666666657 
574, 1.4142135623730951, 0.9999999999999999, 0.16666666666666657 
575, 1.4142135623730951, 0.9999999999999999, 0.16666666666666657 
576, 1.4142135623730951, 0.9999999999999999, 0.16666666666666657 
577, 1.4142135623730951, 0.9999999999999999, 0.16666666666666657 
578, 1.4142135623730951, 0.9999999999999999, 0.16666666666666657 
579, 1.4142135623730951, 0.9999999999999999, 0.16666666666666657 
580, 1.4142135623730951, 0.9999999999999999, 0.16666666666666657 
581, 1.4142135623730951, 0.9999999999999999, 0.16666666666666657 
582, 1.4142135623730951, 0.9999999999999999, 0.16666666666666657 
583, 1.4142135623730951, 0.9999999999999999, 0.16666666666666657 
584, 1.4142135623730951, 0.9999999999999999, 0.16666666666666657 
585, 1.4142135623730951, 0.9999999999999999, 0.16666666666666657 
586, 1.4142135623730951, 0.9999999999999999, 0.16666666666666657 
587, 1.4142135623730951, 0.9999999999999999, 0.16666666666666657 
588, 1.4142135623730951, 0.9999999999999999, 0.16666666666666657 
589, 1.4142135623730951, 0.9999999999999999, 0.16666666666666657 
590, 1.4142135623730951, 0.9999999999999999, 0.16666666666666657 
591, 1.4142135623730951, 0.9999999999999999, 0.16666666666666657 
592, 1.4142135623730951, 0.9999999999999999, 0.16666666666666657 
593, 1.4142135623730951, 0.9999999999999999, 0.16666666666666657 
594, 1.4142135623730951, 0.9999999999999999, 0.16666666666666657 
595, 1.4142135623730951, 0.9999999999999999, 0.16666666666666657 
596, 1.4142135623730951, 0.9999999999999999, 0.16666666666666657 
597, 1.4142135623730951, 0.9999999999999999, 0.16666666666666657 
598, 1.4142135623730951, 0.9999999999999999, 0.16666666666666657 
599, 1.4142135623730951, 0.9999999999999999, 0.16666666666666657 
600, 1.4142135623730951, 0.9999999999999999, 0.16666666666666657 
601, 1.4142135623730951, 0.9999999999999999, 0.16666666666666657 
602, 1.4142135623730951, 0.9999999999999999, 0.16666666666666657 
603, 1.4142135623730951, 0.9999999999999999, 0.16666666666666657 
604, 1.4142135623730951, 0.9999999999999999, 0.16666666666666657 
605, 1.4142135623730951, 0.9999999999999999, 0.16666666666666657 
606, 1.4142135623730951, 0.9999999999999999, 0.16666666666666657 
607, 1.4142135623730951, 0.9999999999999999, 0.16666666666666657 
608, 1.4142135623730951, 0.9999999999999999, 0.16666666666666657 
609, 1.4142135623730951, 0.9999999999999999, 0.16666666666666657 
610, 1.4142135623730951, 0.9999999999999999, 0.16666666666666657 
611, 1.4142135623730951, 0.9999999999999999, 0.16666666666666657 
612, 1.4142135623730951, 0.9999999999999999, 0.16666666666666657 
613, 1.4142135623730951, 0.9999999999999999, 0.16666666666666657 
614, 1.4142135623730951, 0.9999999999999999, 0.16666666666666657 
615, 1.4142135623730951, 0.9999999999999999, 0.16666666666666657 
616, 1.4142135623730951, 0.9999999999999999, 0.16666666666666657 
617, 1.4142135623730951, 0.9999999999999999, 0.16666666666666657 
618, 1.4142135623730951, 0.9999999999999999, 0.16666666666666657 
619, 1.4142135623730951, 0.9999999999999999, 0.16666666666666657 
620, 1.4142135623730951, 0.9999999999999999, 0.16666666666666657 
621, 1.4142135623730951, 0.9999999999999999, 0.16666666666666657 
622, 1.4142135623730951, 0.9999999999999999, 0.16666666666666657 
623, 1.4142135623730951, 0.9999999999999999, 0.16666666666666657 
624, 1.4142135623730951, 0.9999999999999999, 0.16666666666666657 
625, 1.4142135623730951, 0.9999999999999999, 0.16666666666666657 
626, 1.4142135623730951, 0.9999999999999999, 0.16666666666666657 
627, 1.4142135623730951, 0.9999999999999999, 0.16666666666666657 
628, 1.4142135623730951, 0.9999999999999999, 0.16666666666666657 
629, 1.4142135623730951, 0.9999999999999999, 0.16666666666666657 
630, 1.4142135623730951, 0.9999999999999999, 0.16666666666666657 
631, 1.4142135623730951, 0.9999999999999999, 0.16666666666666657 
632, 1.4142135623730951, 0.9999999999999999, 0.16666666666666657 
633, 1.4142135623730951, 0.9999999999999999, 0.16666666666666657 
634, 1.4142135623730951, 0.9999999999999999, 0.16666666666666657 
635, 1.4142135623730951, 0.9999999999999999, 0.16666666666666657 
636, 1.4142135623730951, 0.9999999999999999, 0.16666666666666657 
637, 1.4142135623730951, 0.9999999999999999, 0.16666666666666657 
638, 1.4142135623730951, 0.9999999999999999, 0.16666666666666657 
639, 1.4142135623730951, 0.9999999999999999, 0.16666666666666657 
640, 1.4142135623730951, 0.9999999999999999, 0.16666666666666657 
641, 1.4142135623730951, 0.9999999999999999, 0.16666666666666657 
642, 1.4142135623730951, 0.9999999999999999, 0.16666666666666657 
643, 1.4142135623730951, 0.9999999999999999, 0.16666666666666657 
644, 1.4142135623730951, 0.9999999999999999, 0.16666666666666657 
645, 1.4142135623730951, 0.9999999999999999, 0.16666666666666657 
646, 1.4142135623730951, 0.9999999999999999, 0.16666666666666657 
647, 1.4142135623730951, 0.9999999999999999, 0.16666666666666657 
648, 1.4142135623730951, 0.9999999999999999, 0.16666666666666657 
649, 1.4142135623730951, 0.9999999999999999, 0.16666666666666657 
650, 1.4142135623730951, 0.9999999999999999, 0.16666666666666657 
651, 1.4142135623730951, 0.9999999999999999, 0.16666666666666657 
652, 1.4142135623730951, 0.9999999999999999, 0.16666666666666657 
653, 1.4142135623730951, 0.9999999999999999, 0.16666666666666657 
654, 1.4142135623730951, 0.9999999999999999, 0.16666666666666657 
655, 1.4142135623730951, 0.9999999999999999, 0.16666666666666657 
656, 1.4142135623730951, 0.9999999999999999, 0.16666666666666657 
657, 1.4142135623730951, 0.9999999999999999, 0.16666666666666657 
658, 1.4142135623730951, 0.9999999999999999, 0.16666666666666657 
659, 1.4142135623730951, 0.9999999999999999, 0.16666666666666657 
660, 1.4142135623730951, 0.9999999999999999, 0.16666666666666657 
661, 1.4142135623730951, 0.9999999999999999, 0.16666666666666657 
662, 1.4142135623730951, 0.9999999999999999, 0.16666666666666657 
663, 1.4142135623730951, 0.9999999999999999, 0.16666666666666657 
664, 1.4142135623730951, 0.9999999999999999, 0.16666666666666657 
665, 1.4142135623730951, 0.9999999999999999, 0.16666666666666657 
666, 1.4142135623730951, 0.9999999999999999, 0.16666666666666657 
667, 1.4142135623730951, 0.9999999999999999, 0.16666666666666657 
668, 1.4142135623730951, 0.9999999999999999, 0.16666666666666657 
669, 1.4142135623730951, 0.9999999999999999, 0.16666666666666657 
670, 1.4142135623730951, 0.9999999999999999, 0.16666666666666657 
671, 1.4142135623730951, 0.9999999999999999, 0.16666666666666657 
672, 1.4142135623730951, 0.9999999999999999, 0.16666666666666657 
673, 1.4142135623730951, 0.9999999999999999, 0.16666666666666657 
674, 1.4142135623730951, 0.9999999999999999, 0.16666666666666657 
675, 1.4142135623730951, 0.9999999999999999, 0.16666666666666657 
676, 1.4142135623730951, 0.9999999999999999, 0.16666666666666657 
677, 1.4142135623730951, 0.9999999999999999, 0.16666666666666657 
678, 1.4142135623730951, 0.9999999999999999, 0.16666666666666657 
679, 1.4142135623730951, 0.9999999999999999, 0.16666666666666657 
680, 1.4142135623730951, 0.9999999999999999, 0.16666666666666657 
681, 1.4142135623730951, 0.9999999999999999, 0.16666666666666657 
682, 1.4142135623730951, 0.9999999999999999, 0.16666666666666657 
683, 1.4142135623730951, 0.9999999999999999, 0.16666666666666657 
684, 1.4142135623730951, 0.9999999999999999, 0.16666666666666657 
685, 1.4142135623730951, 0.9999999999999999, 0.16666666666666657 
686, 1.4142135623730951, 0.9999999999999999, 0.16666666666666657 
687, 1.4142135623730951, 0.9999999999999999, 0.16666666666666657 
688, 1.4142135623730951, 0.9999999999999999, 0.16666666666666657 
689, 1.4142135623730951, 0.9999999999999999, 0.16666666666666657 
690, 1.4142135623730951, 0.9999999999999999, 0.16666666666666657 
691, 1.4142135623730951, 0.9999999999999999, 0.16666666666666657 
692, 1.4142135623730951, 0.9999999999999999, 0.16666666666666657 
693, 1.4142135623730951, 0.9999999999999999, 0.16666666666666657 
694, 1.4142135623730951, 0.9999999999999999, 0.16666666666666657 
695, 1.4142135623730951, 0.9999999999999999, 0.16666666666666657 
696, 1.4142135623730951, 0.9999999999999999, 0.16666666666666657 
697, 1.4142135623730951, 0.9999999999999999, 0.16666666666666657 
698, 1.4142135623730951, 0.9999999999999999, 0.16666666666666657 
699, 1.4142135623730951, 0.9999999999999999, 0.16666666666666657 
700, 1.4142135623730951, 0.9999999999999999, 0.16666666666666657 
701, 1.4142135623730951, 0.9999999999999999, 0.16666666666666657 
702, 1.4142135623730951, 0.9999999999999999, 0.16666666666666657 
703, 1.4142135623730951, 0.9999999999999999, 0.16666666666666657 
704, 1.4142135623730951, 0.9999999999999999, 0.16666666666666657 
705, 1.4142135623730951, 0.9999999999999999, 0.16666666666666657 
706, 1.4142135623730951, 0.9999999999999999, 0.16666666666666657 
707, 1.4142135623730951, 0.9999999999999999, 0.16666666666666657 
708, 1.4142135623730951, 0.9999999999999999, 0.16666666666666657 
709, 1.4142135623730951, 0.9999999999999999, 0.16666666666666657 
710, 1.4142135623730951, 0.9999999999999999, 0.16666666666666657 
711, 1.4142135623730951, 0.9999999999999999, 0.16666666666666657 
712, 1.4142135623730951, 0.9999999999999999, 0.16666666666666657 
713, 1.4142135623730951, 0.9999999999999999, 0.16666666666666657 
714, 1.4142135623730951, 0.9999999999999999, 0.16666666666666657 
715, 1.4142135623730951, 0.9999999999999999, 0.16666666666666657 
716, 1.4142135623730951, 0.9999999999999999, 0.16666666666666657 
717, 1.4142135623730951, 0.9999999999999999, 0.16666666666666657 
718, 1.4142135623730951, 0.9999999999999999, 0.16666666666666657 
719, 1.4142135623730951, 0.9999999999999999, 0.16666666666666657 
720, 1.4142135623730951, 0.9999999999999999, 0.16666666666666657 
721, 1.4142135623730951, 0.9999999999999999, 0.16666666666666657 
722, 1.4142135623730951, 0.9999999999999999, 0.16666666666666657 
723, 1.4142135623730951, 0.9999999999999999, 0.16666666666666657 
724, 1.4142135623730951, 0.9999999999999999, 0.16666666666666657 
725, 1.4142135623730951, 0.9999999999999999, 0.16666666666666657 
726, 1.4142135623730951, 0.9999999999999999, 0.16666666666666657 
727, 1.4142135623730951, 0.9999999999999999, 0.16666666666666657 
728, 1.4142135623730951, 0.9999999999999999, 0.16666666666666657 
729, 1.4142135623730951, 0.9999999999999999, 0.16666666666666657 
730, 1.4142135623730951, 0.9999999999999999, 0.16666666666666657 
731, 1.4142135623730951, 0.9999999999999999, 0.16666666666666657 
732, 1.4142135623730951, 0.9999999999999999, 0.16666666666666657 
733, 1.4142135623730951, 0.9999999999999999, 0.16666666666666657 
734, 1.4142135623730951, 0.9999999999999999, 0.16666666666666657 
735, 1.4142135623730951, 0.9999999999999999, 0.16666666666666657 
736, 1.4142135623730951, 0.9999999999999999, 0.16666666666666657 
737, 1.4142135623730951, 0.9999999999999999, 0.16666666666666657 
738, 1.4142135623730951, 0.9999999999999999, 0.16666666666666657 
739, 1.4142135623730951, 0.9999999999999999, 0.16666666666666657 
740, 1.4142135623730951, 0.9999999999999999, 0.16666666666666657 
741, 1.4142135623730951, 0.9999999999999999, 0.16666666666666657 
742, 1.4142135623730951, 0.9999999999999999, 0.16666666666666657 
743, 1.4142135623730951, 0.9999999999999999, 0.16666666666666657 
744, 1.4142135623730951, 0.9999999999999999, 0.16666666666666657 
745, 1.4142135623730951, 0.9999999999999999, 0.16666666666666657 
746, 1.4142135623730951, 0.9999999999999999, 0.16666666666666657 
747, 1.4142135623730951, 0.9999999999999999, 0.16666666666666657 
748, 1.4142135623730951, 0.9999999999999999, 0.16666666666666657 
749, 1.4142135623730951, 0.9999999999999999, 0.16666666666666657 
750, 1.4142135623730951, 0.9999999999999999, 0.16666666666666657 
751, 1.4142135623730951, 0.9999999999999999, 0.16666666666666657 
752, 1.4142135623730951, 0.9999999999999999, 0.16666666666666657 
753, 1.4142135623730951, 0.9999999999999999, 0.16666666666666657 
754, 1.4142135623730951, 0.9999999999999999, 0.16666666666666657 
755, 1.4142135623730951, 0.9999999999999999, 0.16666666666666657 
756, 1.4142135623730951, 0.9999999999999999, 0.16666666666666657 
757, 1.4142135623730951, 0.9999999999999999, 0.16666666666666657 
758, 1.4142135623730951, 0.9999999999999999, 0.16666666666666657 
759, 1.4142135623730951, 0.9999999999999999, 0.16666666666666657 
760, 1.4142135623730951, 0.9999999999999999, 0.16666666666666657 
761, 1.4142135623730951, 0.9999999999999999, 0.16666666666666657 
762, 1.4142135623730951, 0.9999999999999999, 0.16666666666666657 
763, 1.4142135623730951, 0.9999999999999999, 0.16666666666666657 
764, 1.4142135623730951, 0.9999999999999999, 0.16666666666666657 
765, 1.4142135623730951, 0.9999999999999999, 0.16666666666666657 
766, 1.4142135623730951, 0.9999999999999999, 0.16666666666666657 
767, 1.4142135623730951, 0.9999999999999999, 0.16666666666666657 
768, 1.4142135623730951, 0.9999999999999999, 0.16666666666666657 
769, 1.4142135623730951, 0.9999999999999999, 0.16666666666666657 
770, 1.4142135623730951, 0.9999999999999999, 0.16666666666666657 
771, 1.4142135623730951, 0.9999999999999999, 0.16666666666666657 
772, 1.4142135623730951, 0.9999999999999999, 0.16666666666666657 
773, 1.4142135623730951, 0.9999999999999999, 0.16666666666666657 
774, 1.4142135623730951, 0.9999999999999999, 0.16666666666666657 
775, 1.4142135623730951, 0.9999999999999999, 0.16666666666666657 
776, 1.4142135623730951, 0.9999999999999999, 0.16666666666666657 
777, 1.4142135623730951, 0.9999999999999999, 0.16666666666666657 
778, 1.4142135623730951, 0.9999999999999999, 0.16666666666666657 
779, 1.4142135623730951, 0.9999999999999999, 0.16666666666666657 
780, 1.4142135623730951, 0.9999999999999999, 0.16666666666666657 
781, 1.4142135623730951, 0.9999999999999999, 0.16666666666666657 
782, 1.4142135623730951, 0.9999999999999999, 0.16666666666666657 
783, 1.4142135623730951, 0.9999999999999999, 0.16666666666666657 
784, 1.4142135623730951, 0.9999999999999999, 0.16666666666666657 
785, 1.4142135623730951, 0.9999999999999999, 0.16666666666666657 
786, 1.4142135623730951, 0.9999999999999999, 0.16666666666666657 
787, 1.4142135623730951, 0.9999999999999999, 0.16666666666666657 
788, 1.4142135623730951, 0.9999999999999999, 0.16666666666666657 
789, 1.4142135623730951, 0.9999999999999999, 0.16666666666666657 
790, 1.4142135623730951, 0.9999999999999999, 0.16666666666666657 
791, 1.4142135623730951, 0.9999999999999999, 0.16666666666666657 
792, 1.4142135623730951, 0.9999999999999999, 0.16666666666666657 
793, 1.4142135623730951, 0.9999999999999999, 0.16666666666666657 
794, 1.4142135623730951, 0.9999999999999999, 0.16666666666666657 
795, 1.4142135623730951, 0.9999999999999999, 0.16666666666666657 
796, 1.4142135623730951, 0.9999999999999999, 0.16666666666666657 
797, 1.4142135623730951, 0.9999999999999999, 0.16666666666666657 
798, 1.4142135623730951, 0.9999999999999999, 0.16666666666666657 
799, 1.4142135623730951, 0.9999999999999999, 0.16666666666666657 
800, 1.4142135623730951, 0.9999999999999999, 0.16666666666666657 
801, 1.4142135623730951, 0.9999999999999999, 0.16666666666666657 
802, 1.4142135623730951, 0.9999999999999999, 0.16666666666666657 
803, 1.4142135623730951, 0.9999999999999999, 0.16666666666666657 
804, 1.4142135623730951, 0.9999999999999999, 0.16666666666666657 
805, 1.4142135623730951, 0.9999999999999999, 0.16666666666666657 
806, 1.4142135623730951, 0.9999999999999999, 0.16666666666666657 
807, 1.4142135623730951, 0.9999999999999999, 0.16666666666666657 
808, 1.4142135623730951, 0.9999999999999999, 0.16666666666666657 
809, 1.4142135623730951, 0.9999999999999999, 0.16666666666666657 
810, 1.4142135623730951, 0.9999999999999999, 0.16666666666666657 
811, 1.4142135623730951, 0.9999999999999999, 0.16666666666666657 
812, 1.4142135623730951, 0.9999999999999999, 0.16666666666666657 
813, 1.4142135623730951, 0.9999999999999999, 0.16666666666666657 
814, 1.4142135623730951, 0.9999999999999999, 0.16666666666666657 
815, 1.4142135623730951, 0.9999999999999999, 0.16666666666666657 
816, 1.4142135623730951, 0.9999999999999999, 0.16666666666666657 
817, 1.4142135623730951, 0.9999999999999999, 0.16666666666666657 
818, 1.4142135623730951, 0.9999999999999999, 0.16666666666666657 
819, 1.4142135623730951, 0.9999999999999999, 0.16666666666666657 
820, 1.4142135623730951, 0.9999999999999999, 0.16666666666666657 
821, 1.4142135623730951, 0.9999999999999999, 0.16666666666666657 
822, 1.4142135623730951, 0.9999999999999999, 0.16666666666666657 
823, 1.4142135623730951, 0.9999999999999999, 0.16666666666666657 
824, 1.4142135623730951, 0.9999999999999999, 0.16666666666666657 
825, 1.4142135623730951, 0.9999999999999999, 0.16666666666666657 
826, 1.4142135623730951, 0.9999999999999999, 0.16666666666666657 
827, 1.4142135623730951, 0.9999999999999999, 0.16666666666666657 
828, 1.4142135623730951, 0.9999999999999999, 0.16666666666666657 
829, 1.4142135623730951, 0.9999999999999999, 0.16666666666666657 
830, 1.4142135623730951, 0.9999999999999999, 0.16666666666666657 
831, 1.4142135623730951, 0.9999999999999999, 0.16666666666666657 
832, 1.4142135623730951, 0.9999999999999999, 0.16666666666666657 
833, 1.4142135623730951, 0.9999999999999999, 0.16666666666666657 
834, 1.4142135623730951, 0.9999999999999999, 0.16666666666666657 
835, 1.4142135623730951, 0.9999999999999999, 0.16666666666666657 
836, 1.4142135623730951, 0.9999999999999999, 0.16666666666666657 
837, 1.4142135623730951, 0.9999999999999999, 0.16666666666666657 
838, 1.4142135623730951, 0.9999999999999999, 0.16666666666666657 
839, 1.4142135623730951, 0.9999999999999999, 0.16666666666666657 
840, 1.4142135623730951, 0.9999999999999999, 0.16666666666666657 
841, 1.4142135623730951, 0.9999999999999999, 0.16666666666666657 
842, 1.4142135623730951, 0.9999999999999999, 0.16666666666666657 
843, 1.4142135623730951, 0.9999999999999999, 0.16666666666666657 
844, 1.4142135623730951, 0.9999999999999999, 0.16666666666666657 
845, 1.4142135623730951, 0.9999999999999999, 0.16666666666666657 
846, 1.4142135623730951, 0.9999999999999999, 0.16666666666666657 
847, 1.4142135623730951, 0.9999999999999999, 0.16666666666666657 
848, 1.4142135623730951, 0.9999999999999999, 0.16666666666666657 
849, 1.4142135623730951, 0.9999999999999999, 0.16666666666666657 
850, 1.4142135623730951, 0.9999999999999999, 0.16666666666666657 
851, 1.4142135623730951, 0.9999999999999999, 0.16666666666666657 
852, 1.4142135623730951, 0.9999999999999999, 0.16666666666666657 
853, 1.4142135623730951, 0.9999999999999999, 0.16666666666666657 
854, 1.4142135623730951, 0.9999999999999999, 0.16666666666666657 
855, 1.4142135623730951, 0.9999999999999999, 0.16666666666666657 
856, 1.4142135623730951, 0.9999999999999999, 0.16666666666666657 
857, 1.4142135623730951, 0.9999999999999999, 0.16666666666666657 
858, 1.4142135623730951, 0.9999999999999999, 0.16666666666666657 
859, 1.4142135623730951, 0.9999999999999999, 0.16666666666666657 
860, 1.4142135623730951, 0.9999999999999999, 0.16666666666666657 
861, 1.4142135623730951, 0.9999999999999999, 0.16666666666666657 
862, 1.4142135623730951, 0.9999999999999999, 0.16666666666666657 
863, 1.4142135623730951, 0.9999999999999999, 0.16666666666666657 
864, 1.4142135623730951, 0.9999999999999999, 0.16666666666666657 
865, 1.4142135623730951, 0.9999999999999999, 0.16666666666666657 
866, 1.4142135623730951, 0.9999999999999999, 0.16666666666666657 
867, 1.4142135623730951, 0.9999999999999999, 0.16666666666666657 
868, 1.4142135623730951, 0.9999999999999999, 0.16666666666666657 
869, 1.4142135623730951, 0.9999999999999999, 0.16666666666666657 
870, 1.4142135623730951, 0.9999999999999999, 0.16666666666666657 
871, 1.4142135623730951, 0.9999999999999999, 0.16666666666666657 
872, 1.4142135623730951, 0.9999999999999999, 0.16666666666666657 
873, 1.4142135623730951, 0.9999999999999999, 0.16666666666666657 
874, 1.4142135623730951, 0.9999999999999999, 0.16666666666666657 
875, 1.4142135623730951, 0.9999999999999999, 0.16666666666666657 
876, 1.4142135623730951, 0.9999999999999999, 0.16666666666666657 
877, 1.4142135623730951, 0.9999999999999999, 0.16666666666666657 
878, 1.4142135623730951, 0.9999999999999999, 0.16666666666666657 
879, 1.4142135623730951, 0.9999999999999999, 0.16666666666666657 
880, 1.4142135623730951, 0.9999999999999999, 0.16666666666666657 
881, 1.4142135623730951, 0.9999999999999999, 0.16666666666666657 
882, 1.4142135623730951, 0.9999999999999999, 0.16666666666666657 
883, 1.4142135623730951, 0.9999999999999999, 0.16666666666666657 
884, 1.4142135623730951, 0.9999999999999999, 0.16666666666666657 
885, 1.4142135623730951, 0.9999999999999999, 0.16666666666666657 
886, 1.4142135623730951, 0.9999999999999999, 0.16666666666666657 
887, 1.4142135623730951, 0.9999999999999999, 0.16666666666666657 
888, 1.4142135623730951, 0.9999999999999999, 0.16666666666666657 
889, 1.4142135623730951, 0.9999999999999999, 0.16666666666666657 
890, 1.4142135623730951, 0.9999999999999999, 0.16666666666666657 
891, 1.4142135623730951, 0.9999999999999999, 0.16666666666666657 
892, 1.4142135623730951, 0.9999999999999999, 0.16666666666666657 
893, 1.4142135623730951, 0.9999999999999999, 0.16666666666666657 
894, 1.4142135623730951, 0.9999999999999999, 0.16666666666666657 
895, 1.4142135623730951, 0.9999999999999999, 0.16666666666666657 
896, 1.4142135623730951, 0.9999999999999999, 0.16666666666666657 
897, 1.4142135623730951, 0.9999999999999999, 0.16666666666666657 
898, 1.4142135623730951, 0.9999999999999999, 0.16666666666666657 
899, 1.4142135623730951, 0.9999999999999999, 0.16666666666666657 
900, 1.4142135623730951, 0.9999999999999999, 0.16666666666666657 
901, 1.4142135623730951, 0.9999999999999999, 0.16666666666666657 
902, 1.4142135623730951, 0.9999999999999999, 0.16666666666666657 
903, 1.4142135623730951, 0.9999999999999999, 0.16666666666666657 
904, 1.4142135623730951, 0.9999999999999999, 0.16666666666666657 
905, 1.4142135623730951, 0.9999999999999999, 0.16666666666666657 
906, 1.4142135623730951, 0.9999999999999999, 0.16666666666666657 
907, 1.4142135623730951, 0.9999999999999999, 0.16666666666666657 
908, 1.4142135623730951, 0.9999999999999999, 0.16666666666666657 
909, 1.4142135623730951, 0.9999999999999999, 0.16666666666666657 
910, 1.4142135623730951, 0.9999999999999999, 0.16666666666666657 
911, 1.4142135623730951, 0.9999999999999999, 0.16666666666666657 
912, 1.4142135623730951, 0.9999999999999999, 0.16666666666666657 
913, 1.4142135623730951, 0.9999999999999999, 0.16666666666666657 
914, 1.4142135623730951, 0.9999999999999999, 0.16666666666666657 
915, 1.4142135623730951, 0.9999999999999999, 0.16666666666666657 
916, 1.4142135623730951, 0.9999999999999999, 0.16666666666666657 
917, 1.4142135623730951, 0.9999999999999999, 0.16666666666666657 
918, 1.4142135623730951, 0.9999999999999999, 0.16666666666666657 
919, 1.4142135623730951, 0.9999999999999999, 0.16666666666666657 
920, 1.4142135623730951, 0.9999999999999999, 0.16666666666666657 
921, 1.4142135623730951, 0.9999999999999999, 0.16666666666666657 
922, 1.4142135623730951, 0.9999999999999999, 0.16666666666666657 
923, 1.4142135623730951, 0.9999999999999999, 0.16666666666666657 
924, 1.4142135623730951, 0.9999999999999999, 0.16666666666666657 
925, 1.4142135623730951, 0.9999999999999999, 0.16666666666666657 
926, 1.4142135623730951, 0.9999999999999999, 0.16666666666666657 
927, 1.4142135623730951, 0.9999999999999999, 0.16666666666666657 
928, 1.4142135623730951, 0.9999999999999999, 0.16666666666666657 
929, 1.4142135623730951, 0.9999999999999999, 0.16666666666666657 
930, 1.4142135623730951, 0.9999999999999999, 0.16666666666666657 
931, 1.4142135623730951, 0.9999999999999999, 0.16666666666666657 
932, 1.4142135623730951, 0.9999999999999999, 0.16666666666666657 
933, 1.4142135623730951, 0.9999999999999999, 0.16666666666666657 
934, 1.4142135623730951, 0.9999999999999999, 0.16666666666666657 
935, 1.4142135623730951, 0.9999999999999999, 0.16666666666666657 
936, 1.4142135623730951, 0.9999999999999999, 0.16666666666666657 
937, 1.4142135623730951, 0.9999999999999999, 0.16666666666666657 
938, 1.4142135623730951, 0.9999999999999999, 0.16666666666666657 
939, 1.4142135623730951, 0.9999999999999999, 0.16666666666666657 
940, 1.4142135623730951, 0.9999999999999999, 0.16666666666666657 
941, 1.4142135623730951, 0.9999999999999999, 0.16666666666666657 
942, 1.4142135623730951, 0.9999999999999999, 0.16666666666666657 
943, 1.4142135623730951, 0.9999999999999999, 0.16666666666666657 
944, 1.4142135623730951, 0.9999999999999999, 0.16666666666666657 
945, 1.4142135623730951, 0.9999999999999999, 0.16666666666666657 
946, 1.4142135623730951, 0.9999999999999999, 0.16666666666666657 
947, 1.4142135623730951, 0.9999999999999999, 0.16666666666666657 
948, 1.4142135623730951, 0.9999999999999999, 0.16666666666666657 
949, 1.4142135623730951, 0.9999999999999999, 0.16666666666666657 
950, 1.4142135623730951, 0.9999999999999999, 0.16666666666666657 
951, 1.4142135623730951, 0.9999999999999999, 0.16666666666666657 
952, 1.4142135623730951, 0.9999999999999999, 0.16666666666666657 
953, 1.4142135623730951, 0.9999999999999999, 0.16666666666666657 
954, 1.4142135623730951, 0.9999999999999999, 0.16666666666666657 
955, 1.4142135623730951, 0.9999999999999999, 0.16666666666666657 
956, 1.4142135623730951, 0.9999999999999999, 0.16666666666666657 
957, 1.4142135623730951, 0.9999999999999999, 0.16666666666666657 
958, 1.4142135623730951, 0.9999999999999999, 0.16666666666666657 
959, 1.4142135623730951, 0.9999999999999999, 0.16666666666666657 
960, 1.4142135623730951, 0.9999999999999999, 0.16666666666666657 
961, 1.4142135623730951, 0.9999999999999999, 0.16666666666666657 
962, 1.4142135623730951, 0.9999999999999999, 0.16666666666666657 
963, 1.4142135623730951, 0.9999999999999999, 0.16666666666666657 
964, 1.4142135623730951, 0.9999999999999999, 0.16666666666666657 
965, 1.4142135623730951, 0.9999999999999999, 0.16666666666666657 
966, 1.4142135623730951, 0.9999999999999999, 0.16666666666666657 
967, 1.4142135623730951, 0.9999999999999999, 0.16666666666666657 
968, 1.4142135623730951, 0.9999999999999999, 0.16666666666666657 
969, 1.4142135623730951, 0.9999999999999999, 0.16666666666666657 
970, 1.4142135623730951, 0.9999999999999999, 0.16666666666666657 
971, 1.4142135623730951, 0.9999999999999999, 0.16666666666666657 
972, 1.4142135623730951, 0.9999999999999999, 0.16666666666666657 
973, 1.4142135623730951, 0.9999999999999999, 0.16666666666666657 
974, 1.4142135623730951, 0.9999999999999999, 0.16666666666666657 
975, 1.4142135623730951, 0.9999999999999999, 0.16666666666666657 
976, 1.4142135623730951, 0.9999999999999999, 0.16666666666666657 
977, 1.4142135623730951, 0.9999999999999999, 0.16666666666666657 
978, 1.4142135623730951, 0.9999999999999999, 0.16666666666666657 
979, 1.4142135623730951, 0.9999999999999999, 0.16666666666666657 
980, 1.4142135623730951, 0.9999999999999999, 0.16666666666666657 
981, 1.4142135623730951, 0.9999999999999999, 0.16666666666666657 
982, 1.4142135623730951, 0.9999999999999999, 0.16666666666666657 
983, 1.4142135623730951, 0.9999999999999999, 0.16666666666666657 
984, 1.4142135623730951, 0.9999999999999999, 0.16666666666666657 
985, 1.4142135623730951, 0.9999999999999999, 0.16666666666666657 
986, 1.4142135623730951, 0.9999999999999999, 0.16666666666666657 
987, 1.4142135623730951, 0.9999999999999999, 0.16666666666666657 
988, 1.4142135623730951, 0.9999999999999999, 0.16666666666666657 
989, 1.4142135623730951, 0.9999999999999999, 0.16666666666666657 
990, 1.4142135623730951, 0.9999999999999999, 0.16666666666666657 
991, 1.4142135623730951, 0.9999999999999999, 0.16666666666666657 
992, 1.4142135623730951, 0.9999999999999999, 0.16666666666666657 
993, 1.4142135623730951, 0.9999999999999999, 0.16666666666666657 
994, 1.4142135623730951, 0.9999999999999999, 0.16666666666666657 
995, 1.4142135623730951, 0.9999999999999999, 0.16666666666666657 
996, 1.4142135623730951, 0.9999999999999999, 0.16666666666666657 
997, 1.4142135623730951, 0.9999999999999999, 0.16666666666666657 
998, 1.4142135623730951, 0.9999999999999999, 0.16666666666666657 
999, 1.4142135623730951, 0.9999999999999999, 0.16666666666666657 
1000, 1.4142135623730951, 0.9999999999999999, 0.16666666666666657 
1001, 1.4142135623730951, 0.9999999999999999, 0.16666666666666657 
1002, 1.4142135623730951, 0.9999999999999999, 0.16666666666666657 
1003, 1.4142135623730951, 0.9999999999999999, 0.16666666666666657 
1004, 1.4142135623730951, 0.9999999999999999, 0.16666666666666657 
1005, 1.4142135623730951, 0.9999999999999999, 0.16666666666666657 
1006, 1.4142135623730951, 0.9999999999999999, 0.16666666666666657 
1007, 1.4142135623730951, 0.9999999999999999, 0.16666666666666657 
1008, 1.4142135623730951, 0.9999999999999999, 0.16666666666666657 
1009, 1.4142135623730951, 0.9999999999999999, 0.16666666666666657 
1010, 1.4142135623730951, 0.9999999999999999, 0.16666666666666657 
1011, 1.4142135623730951, 0.9999999999999999, 0.16666666666666657 
1012, 1.4142135623730951, 0.9999999999999999, 0.16666666666666657 
1013, 1.4142135623730951, 0.9999999999999999, 0.16666666666666657 
1014, 1.4142135623730951, 0.9999999999999999, 0.16666666666666657 
1015, 1.4142135623730951, 0.9999999999999999, 0.16666666666666657 
1016, 1.4142135623730951, 0.9999999999999999, 0.16666666666666657 
1017, 1.4142135623730951, 0.9999999999999999, 0.16666666666666657 
1018, 1.4142135623730951, 0.9999999999999999, 0.16666666666666657 
1019, 1.4142135623730951, 0.9999999999999999, 0.16666666666666657 
1020, 1.4142135623730951, 0.9999999999999999, 0.16666666666666657 
1021, 1.4142135623730951, 0.9999999999999999, 0.16666666666666657 
1022, 1.4142135623730951, 0.9999999999999999, 0.16666666666666657 
1023, 1.4142135623730951, 0.9999999999999999, 0.16666666666666657 
1024, 1.4142135623730951, 0.9999999999999999, 0.16666666666666657 
1025, 1.4142135623730951, 0.9999999999999999, 0.16666666666666657 
1026, 1.4142135623730951, 0.9999999999999999, 0.16666666666666657 
1027, 1.4142135623730951, 0.9999999999999999, 0.16666666666666657 
1028, 1.4142135623730951, 0.9999999999999999, 0.16666666666666657 
1029, 1.4142135623730951, 0.9999999999999999, 0.16666666666666657 
1030, 1.4142135623730951, 0.9999999999999999, 0.16666666666666657 
1031, 1.4142135623730951, 0.9999999999999999, 0.16666666666666657 
1032, 1.4142135623730951, 0.9999999999999999, 0.16666666666666657 
1033, 1.4142135623730951, 0.9999999999999999, 0.16666666666666657 
1034, 1.4142135623730951, 0.9999999999999999, 0.16666666666666657 
1035, 1.4142135623730951, 0.9999999999999999, 0.16666666666666657 
1036, 1.4142135623730951, 0.9999999999999999, 0.16666666666666657 
1037, 1.4142135623730951, 0.9999999999999999, 0.16666666666666657 
1038, 1.4142135623730951, 0.9999999999999999, 0.16666666666666657 
1039, 1.4142135623730951, 0.9999999999999999, 0.16666666666666657 
1040, 1.4142135623730951, 0.9999999999999999, 0.16666666666666657 
1041, 1.4142135623730951, 0.9999999999999999, 0.16666666666666657 
1042, 1.4142135623730951, 0.9999999999999999, 0.16666666666666657 
1043, 1.4142135623730951, 0.9999999999999999, 0.16666666666666657 
1044, 1.4142135623730951, 0.9999999999999999, 0.16666666666666657 
1045, 1.4142135623730951, 0.9999999999999999, 0.16666666666666657 
1046, 1.4142135623730951, 0.9999999999999999, 0.16666666666666657 
1047, 1.4142135623730951, 0.9999999999999999, 0.16666666666666657 
1048, 1.4142135623730951, 0.9999999999999999, 0.16666666666666657 
1049, 1.4142135623730951, 0.9999999999999999, 0.16666666666666657 
1050, 1.4142135623730951, 0.9999999999999999, 0.16666666666666657 
1051, 1.4142135623730951, 0.9999999999999999, 0.16666666666666657 
1052, 1.4142135623730951, 0.9999999999999999, 0.16666666666666657 
1053, 1.4142135623730951, 0.9999999999999999, 0.16666666666666657 
1054, 1.4142135623730951, 0.9999999999999999, 0.16666666666666657 
1055, 1.4142135623730951, 0.9999999999999999, 0.16666666666666657 
1056, 1.4142135623730951, 0.9999999999999999, 0.16666666666666657 
1057, 1.4142135623730951, 0.9999999999999999, 0.16666666666666657 
1058, 1.4142135623730951, 0.9999999999999999, 0.16666666666666657 
1059, 1.4142135623730951, 0.9999999999999999, 0.16666666666666657 
1060, 1.4142135623730951, 0.9999999999999999, 0.16666666666666657 
1061, 1.4142135623730951, 0.9999999999999999, 0.16666666666666657 
1062, 1.4142135623730951, 0.9999999999999999, 0.16666666666666657 
1063, 1.4142135623730951, 0.9999999999999999, 0.16666666666666657 
1064, 1.4142135623730951, 0.9999999999999999, 0.16666666666666657 
1065, 1.4142135623730951, 0.9999999999999999, 0.16666666666666657 
1066, 1.4142135623730951, 0.9999999999999999, 0.16666666666666657 
1067, 1.4142135623730951, 0.9999999999999999, 0.16666666666666657 
1068, 1.4142135623730951, 0.9999999999999999, 0.16666666666666657 
1069, 1.4142135623730951, 0.9999999999999999, 0.16666666666666657 
1070, 1.4142135623730951, 0.9999999999999999, 0.16666666666666657 
1071, 1.4142135623730951, 0.9999999999999999, 0.16666666666666657 
