-0.269140,-0.822627  -0.431555,-0.788584  -0.394356,-0.918958
-0.441458,-0.541323  -0.519124,-0.655139  -0.315738,-0.643497
-0.690374,-0.562465  -0.660003,-0.605896  -0.525434,-0.559528
-0.021003,-0.290778  -0.048923,-0.529223  0.021972,-0.327235
-0.178805,0.000642  -0.047117,-0.003212  -0.036280,0.044883
-0.441458,-0.541323  -0.463641,-0.422355  -0.525434,-0.559528
-0.687229,-0.629346  -0.690374,-0.562465  -0.790776,-0.612106
-0.612201,-0.402065  -0.525434,-0.559528  -0.463641,-0.422355
-0.568015,-0.062225  -0.594861,-0.276688  -0.502585,-0.250095
-0.050540,-0.094762  -0.075689,-0.093298  -0.007747,-0.135974
-0.572706,0.051017  -0.707976,0.033740  -0.651749,-0.013479
-0.355676,-0.211009  -0.409213,-0.082578  -0.502585,-0.250095
-0.206482,0.365241  -0.066553,0.389039  -0.124322,0.513371
-0.345354,-0.404247  -0.502585,-0.250095  -0.463641,-0.422355
-0.431555,-0.788584  -0.485302,-0.874347  -0.394356,-0.918958
-0.052576,0.525377  -0.012452,0.506955  -0.041151,0.579565
-0.041151,0.579565  0.159356,0.683799  -0.077390,0.672288
0.184141,-0.214214  0.282083,-0.100785  0.235386,-0.063292
0.832934,0.517702  0.897805,0.440394  0.848644,0.528964
0.119510,0.548026  0.159356,0.683799  -0.041151,0.579565
0.504154,0.508861  0.538988,0.461630  0.619867,0.510095
0.649237,0.472072  0.538988,0.461630  0.547542,0.382275
-0.213248,-0.671641  -0.315738,-0.643497  -0.278410,-0.776582
0.061320,-0.109187  0.184141,-0.214214  0.235386,-0.063292
0.332988,-0.761123  0.199391,-0.721592  0.148105,-0.811759
0.495702,-0.742845  0.623870,-0.609077  0.429093,-0.645792
-0.463641,-0.422355  -0.441458,-0.541323  -0.345354,-0.404247
0.591530,-0.051784  0.536432,0.089553  0.424317,-0.017934
-0.503740,-0.747499  -0.561076,-0.759858  -0.571268,-0.820763
0.395316,-0.838356  0.332988,-0.761123  0.299363,-0.954139
-0.269140,-0.822627  -0.278410,-0.776582  -0.431555,-0.788584
-0.058073,-0.894708  0.027000,-0.803153  -0.160553,-0.637198
-0.246290,-0.890678  -0.269140,-0.822627  -0.299363,-0.954139
-0.058073,-0.894708  -0.213248,-0.671641  -0.269140,-0.822627
-0.201299,-0.979530  -0.058073,-0.894708  -0.225253,-0.902426
0.043951,-0.746034  -0.098151,-0.584400  -0.160553,-0.637198
-0.059200,-0.973536  0.038550,-0.853234  -0.058073,-0.894708
-0.144686,-0.188713  -0.270951,-0.185431  -0.240706,-0.289609
0.098795,-0.785970  0.199391,-0.721592  0.043951,-0.746034
0.469521,-0.301585  0.369074,-0.315573  0.507917,-0.400381
0.204948,-0.324893  0.091785,-0.214488  0.021972,-0.327235
0.040967,-0.111715  0.006432,-0.128369  0.091785,-0.214488
0.204948,-0.324893  0.256702,-0.435765  0.312223,-0.399081
0.429093,-0.645792  0.623870,-0.609077  0.406661,-0.594120
0.536432,0.089553  0.567719,0.148796  0.349743,0.221497
0.263355,0.148729  0.087870,0.262578  0.026317,0.101218
-0.927407,-0.253615  -0.825579,-0.246999  -0.846166,-0.168125
-0.568015,-0.062225  -0.689576,-0.101365  -0.594861,-0.276688
-0.930471,-0.166760  -0.927407,-0.253615  -0.846166,-0.168125
-0.568015,-0.062225  -0.502585,-0.250095  -0.409213,-0.082578
-0.503740,-0.747499  -0.431555,-0.788584  -0.519124,-0.655139
-0.278410,-0.776582  -0.269140,-0.822627  -0.213248,-0.671641
-0.007747,-0.135974  -0.021003,-0.290778  0.091785,-0.214488
-0.219884,-0.628460  -0.315738,-0.643497  -0.213248,-0.671641
-0.940445,-0.138149  -0.808948,-0.004709  -0.984430,-0.004853
-0.859139,0.310802  -0.937752,0.347305  -0.968077,0.250653
-0.984430,-0.004853  -0.998717,-0.050649  -0.940445,-0.138149
-0.243457,-0.388532  -0.240706,-0.289609  -0.345354,-0.404247
-0.572706,0.051017  -0.507051,0.063152  -0.452751,0.132722
-0.740310,0.473753  -0.718213,0.393435  -0.661694,0.460188
-0.505501,0.456607  -0.535870,0.419594  -0.445642,0.416780
-0.655834,0.588871  -0.651372,0.758758  -0.724793,0.688967
-0.535870,0.419594  -0.671921,0.161674  -0.404628,0.317981
-0.348311,0.513232  -0.425356,0.446806  -0.357853,0.380622
-0.241631,0.695503  -0.302409,0.642355  -0.174187,0.691006
0.291606,0.874582  0.224258,0.860825  0.294476,0.818435
-0.485302,0.874347  -0.513207,0.780814  -0.408443,0.760259
-0.312225,0.273593  -0.346855,0.297954  -0.339098,0.238165
0.474284,0.669773  0.451516,0.808820  0.329752,0.623420
-0.352592,0.793034  -0.408443,0.760259  -0.413521,0.737567
-0.324979,0.849801  -0.302918,0.819372  -0.299363,0.954139
-0.012452,0.506955  -0.052576,0.525377  -0.066553,0.389039
0.112809,0.860474  0.159356,0.683799  0.224258,0.860825
-0.452751,0.132722  -0.390645,0.161469  -0.404628,0.317981
0.337810,0.302359  0.087870,0.262578  0.263355,0.148729
-0.404628,0.317981  -0.390645,0.161469  -0.339098,0.238165
-0.139007,0.246470  -0.037662,0.214605  -0.066553,0.389039
0.006432,-0.128369  -0.050540,-0.094762  -0.007747,-0.135974
-0.178805,0.000642  -0.409213,-0.082578  -0.270951,-0.185431
0.016322,-0.008069  -0.035195,-0.013629  -0.050540,-0.094762
0.061320,-0.109187  0.091785,-0.214488  0.184141,-0.214214
0.326634,-0.006486  0.424317,-0.017934  0.346950,0.086032
0.538988,0.461630  0.504154,0.508861  0.337810,0.302359
0.359073,-0.200237  0.379764,-0.188181  0.282083,-0.100785
0.346950,0.086032  0.263355,0.148729  0.186218,0.028170
0.379764,-0.188181  0.462584,-0.219196  0.424317,-0.017934
0.866318,0.089033  0.780306,0.046372  0.838817,-0.025404
0.282392,0.800454  0.451516,0.808820  0.294476,0.818435
0.677176,0.638876  0.579473,0.609962  0.625195,0.559336
0.565440,0.616017  0.504154,0.508861  0.579473,0.609962
0.427929,0.553774  0.337810,0.302359  0.504154,0.508861
0.394356,0.918958  0.291606,0.874582  0.294476,0.818435
0.451516,0.808820  0.474284,0.669773  0.513908,0.701702
0.565440,0.616017  0.579473,0.609962  0.556706,0.664881
0.751168,0.525227  0.649237,0.472072  0.706133,0.397794
0.556706,0.664881  0.631658,0.667693  0.651372,0.758758
0.786766,0.419950  0.782669,0.406982  0.838731,0.418627
0.868475,0.370723  0.897805,0.440394  0.838731,0.418627
0.687260,0.564564  0.619867,0.510095  0.649237,0.472072
0.918037,-0.124442  0.838817,-0.025404  0.821296,-0.133512
0.751168,0.525227  0.786766,0.419950  0.817728,0.469352
0.811640,0.327705  0.868475,0.370723  0.838731,0.418627
0.811640,0.327705  0.937752,0.347305  0.868475,0.370723
0.958898,-0.016425  0.926460,0.015088  0.838817,-0.025404
0.774643,0.207467  0.798019,0.299321  0.672170,0.234422
0.798019,0.299321  0.774643,0.207467  0.968077,0.250653
0.968049,-0.159536  0.928119,-0.206254  0.943352,-0.221131
0.429093,-0.645792  0.314418,-0.620789  0.295005,-0.650968
0.937752,-0.347305  0.881391,-0.273378  0.801109,-0.414480
0.597922,-0.117317  0.591530,-0.051784  0.424317,-0.017934
0.918037,-0.124442  0.898616,-0.170120  0.968049,-0.159536
0.821296,-0.133512  0.838817,-0.025404  0.783843,-0.022144
0.312223,-0.399081  0.358352,-0.302598  0.204948,-0.324893
0.379764,-0.188181  0.424317,-0.017934  0.282083,-0.100785
0.279255,-0.483033  0.404702,-0.587346  0.312223,-0.399081
0.852035,-0.226626  0.839145,-0.252106  0.881391,-0.273378
0.581415,-0.256878  0.621953,-0.184858  0.602958,-0.190117
0.798139,-0.193810  0.811754,-0.246942  0.852035,-0.226626
0.698083,-0.302111  0.634308,-0.486765  0.680247,-0.503104
0.821296,-0.133512  0.852035,-0.226626  0.898616,-0.170120
0.395316,-0.838356  0.299363,-0.954139  0.394356,-0.918958
0.356901,-0.746514  0.429093,-0.645792  0.295005,-0.650968
0.291662,-0.557708  0.199391,-0.721592  0.295005,-0.650968
0.485302,-0.874347  0.510417,-0.859542  0.495702,-0.742845
0.295005,-0.650968  0.199391,-0.721592  0.332988,-0.761123
0.406661,-0.594120  0.404702,-0.587346  0.314944,-0.614617
0.507917,-0.400381  0.312223,-0.399081  0.404702,-0.587346
0.391836,-0.763840  0.429093,-0.645792  0.356901,-0.746514
0.545598,-0.460929  0.539812,-0.420944  0.507917,-0.400381
0.680247,-0.503104  0.634308,-0.486765  0.623870,-0.609077
0.623870,-0.609077  0.752014,-0.652601  0.680247,-0.503104
0.698083,-0.302111  0.811754,-0.246942  0.798139,-0.193810
0.833617,-0.500956  0.680247,-0.503104  0.790776,-0.612106
-0.633674,-0.716731  -0.660003,-0.605896  -0.677716,-0.649348
-0.786885,-0.503302  -0.848644,-0.528964  -0.790776,-0.612106
-0.561076,-0.759858  -0.651372,-0.758758  -0.571268,-0.820763
-0.724793,-0.688967  -0.677716,-0.649348  -0.687229,-0.629346
-0.724793,-0.688967  -0.651372,-0.758758  -0.633674,-0.716731
-0.690374,-0.562465  -0.660250,-0.455279  -0.786885,-0.503302
-0.687229,-0.629346  -0.790776,-0.612106  -0.724793,-0.688967
-0.764544,-0.355670  -0.786885,-0.503302  -0.660250,-0.455279
-0.764544,-0.355670  -0.937752,-0.347305  -0.897805,-0.440394
-0.790776,-0.612106  -0.690374,-0.562465  -0.786885,-0.503302
-0.660003,-0.605896  -0.519124,-0.655139  -0.517782,-0.576218
-0.687229,-0.629346  -0.660003,-0.605896  -0.690374,-0.562465
-0.687229,-0.629346  -0.677716,-0.649348  -0.660003,-0.605896
-0.612201,-0.402065  -0.594861,-0.276688  -0.755331,-0.310890
-0.660250,-0.455279  -0.690374,-0.562465  -0.525434,-0.559528
-0.304720,-0.480604  -0.441458,-0.541323  -0.315738,-0.643497
-0.525434,-0.559528  -0.660003,-0.605896  -0.517782,-0.576218
-0.561076,-0.759858  -0.633674,-0.716731  -0.651372,-0.758758
-0.660003,-0.605896  -0.633674,-0.716731  -0.519124,-0.655139
-0.677716,-0.649348  -0.724793,-0.688967  -0.633674,-0.716731
-0.485302,-0.874347  -0.503740,-0.747499  -0.571268,-0.820763
-0.519124,-0.655139  -0.633674,-0.716731  -0.561076,-0.759858
-0.315738,-0.643497  -0.519124,-0.655139  -0.431555,-0.788584
-0.519124,-0.655139  -0.561076,-0.759858  -0.503740,-0.747499
-0.315738,-0.643497  -0.431555,-0.788584  -0.278410,-0.776582
-0.503740,-0.747499  -0.485302,-0.874347  -0.431555,-0.788584
-0.269140,-0.822627  -0.394356,-0.918958  -0.299363,-0.954139
-0.225253,-0.902426  -0.246290,-0.890678  -0.299363,-0.954139
-0.225253,-0.902426  -0.269140,-0.822627  -0.246290,-0.890678
-0.201299,-0.979530  -0.225253,-0.902426  -0.299363,-0.954139
-0.058073,-0.894708  -0.269140,-0.822627  -0.225253,-0.902426
-0.058073,-0.894708  -0.201299,-0.979530  -0.101168,-0.994869
-0.059200,-0.973536  -0.101168,-0.994869  0.101168,-0.994869
0.103176,-0.966975  -0.059200,-0.973536  0.101168,-0.994869
-0.058073,-0.894708  -0.101168,-0.994869  -0.059200,-0.973536
-0.160553,-0.637198  -0.213248,-0.671641  -0.058073,-0.894708
-0.160553,-0.637198  -0.224344,-0.554879  -0.219884,-0.628460
0.043951,-0.746034  -0.048923,-0.529223  -0.098151,-0.584400
-0.224344,-0.554879  -0.304720,-0.480604  -0.315738,-0.643497
0.027000,-0.803153  0.043951,-0.746034  -0.160553,-0.637198
0.199391,-0.721592  0.256084,-0.497734  -0.048923,-0.529223
0.021972,-0.327235  -0.048923,-0.529223  0.256084,-0.497734
-0.243457,-0.388532  -0.345354,-0.404247  -0.304720,-0.480604
-0.517782,-0.576218  -0.441458,-0.541323  -0.525434,-0.559528
-0.517782,-0.576218  -0.519124,-0.655139  -0.441458,-0.541323
-0.098151,-0.584400  -0.224344,-0.554879  -0.160553,-0.637198
-0.098151,-0.584400  -0.048923,-0.529223  -0.219167,-0.535683
-0.160553,-0.637198  -0.219884,-0.628460  -0.213248,-0.671641
-0.224344,-0.554879  -0.315738,-0.643497  -0.219884,-0.628460
-0.224344,-0.554879  -0.219167,-0.535683  -0.304720,-0.480604
-0.224344,-0.554879  -0.098151,-0.584400  -0.219167,-0.535683
-0.755331,-0.310890  -0.594861,-0.276688  -0.689576,-0.101365
-0.755331,-0.310890  -0.764544,-0.355670  -0.612201,-0.402065
-0.594861,-0.276688  -0.463641,-0.422355  -0.502585,-0.250095
-0.441458,-0.541323  -0.304720,-0.480604  -0.345354,-0.404247
-0.219167,-0.535683  -0.243457,-0.388532  -0.304720,-0.480604
-0.240706,-0.289609  -0.355676,-0.211009  -0.345354,-0.404247
-0.048923,-0.529223  -0.243457,-0.388532  -0.219167,-0.535683
-0.144686,-0.188713  -0.007747,-0.135974  -0.075689,-0.093298
-0.048923,-0.529223  -0.125566,-0.266766  -0.243457,-0.388532
-0.270951,-0.185431  -0.409213,-0.082578  -0.355676,-0.211009
-0.243457,-0.388532  -0.125566,-0.266766  -0.240706,-0.289609
-0.021003,-0.290778  -0.007747,-0.135974  -0.125566,-0.266766
-0.048923,-0.529223  -0.021003,-0.290778  -0.125566,-0.266766
0.021972,-0.327235  0.091785,-0.214488  -0.021003,-0.290778
-0.035195,-0.013629  -0.047117,-0.003212  -0.075689,-0.093298
-0.035195,-0.013629  -0.075689,-0.093298  -0.050540,-0.094762
0.040967,-0.111715  0.016322,-0.008069  -0.050540,-0.094762
-0.036280,0.044883  -0.234646,0.160022  -0.178805,0.000642
0.045863,0.069176  0.026317,0.101218  -0.036280,0.044883
0.026317,0.101218  -0.037662,0.214605  -0.036280,0.044883
-0.345484,0.082651  -0.507051,0.063152  -0.409213,-0.082578
-0.689576,-0.101365  -0.825579,-0.246999  -0.755331,-0.310890
-0.345354,-0.404247  -0.355676,-0.211009  -0.502585,-0.250095
-0.270951,-0.185431  -0.144686,-0.188713  -0.178805,0.000642
-0.240706,-0.289609  -0.270951,-0.185431  -0.355676,-0.211009
-0.240706,-0.289609  -0.125566,-0.266766  -0.144686,-0.188713
-0.007747,-0.135974  -0.144686,-0.188713  -0.125566,-0.266766
-0.075689,-0.093298  -0.178805,0.000642  -0.144686,-0.188713
-0.651749,-0.013479  -0.707976,0.033740  -0.689576,-0.101365
-0.840808,0.145916  -0.998717,0.050649  -0.808948,-0.004709
-0.651749,-0.013479  -0.689576,-0.101365  -0.568015,-0.062225
-0.808948,-0.004709  -0.849351,-0.152038  -0.689576,-0.101365
-0.572706,0.051017  -0.671921,0.161674  -0.707976,0.033740
-0.707976,0.033740  -0.808948,-0.004709  -0.689576,-0.101365
-0.930471,-0.166760  -0.849351,-0.152038  -0.940445,-0.138149
-0.846166,-0.168125  -0.689576,-0.101365  -0.849351,-0.152038
-0.968077,-0.250653  -0.927407,-0.253615  -0.930471,-0.166760
-0.825579,-0.246999  -0.689576,-0.101365  -0.846166,-0.168125
-0.764544,-0.355670  -0.755331,-0.310890  -0.825579,-0.246999
-0.764544,-0.355670  -0.660250,-0.455279  -0.612201,-0.402065
-0.525434,-0.559528  -0.612201,-0.402065  -0.660250,-0.455279
-0.463641,-0.422355  -0.594861,-0.276688  -0.612201,-0.402065
-0.764544,-0.355670  -0.825579,-0.246999  -0.937752,-0.347305
-0.786885,-0.503302  -0.764544,-0.355670  -0.897805,-0.440394
-0.937752,-0.347305  -0.927407,-0.253615  -0.968077,-0.250653
-0.937752,-0.347305  -0.825579,-0.246999  -0.927407,-0.253615
-0.786885,-0.503302  -0.897805,-0.440394  -0.848644,-0.528964
-0.940445,-0.138149  -0.998717,-0.050649  -0.988468,-0.151428
-0.998717,0.050649  -0.984430,-0.004853  -0.808948,-0.004709
-0.998717,0.050649  -0.998717,-0.050649  -0.984430,-0.004853
-0.968077,-0.250653  -0.930471,-0.166760  -0.988468,-0.151428
-0.849351,-0.152038  -0.808948,-0.004709  -0.940445,-0.138149
-0.849351,-0.152038  -0.930471,-0.166760  -0.846166,-0.168125
-0.940445,-0.138149  -0.988468,-0.151428  -0.930471,-0.166760
-0.840808,0.145916  -0.988468,0.151428  -0.998717,0.050649
-0.840808,0.145916  -0.804830,0.238563  -0.968077,0.250653
-0.840808,0.145916  -0.707976,0.033740  -0.671921,0.161674
-0.568015,-0.062225  -0.572706,0.051017  -0.651749,-0.013479
-0.840808,0.145916  -0.808948,-0.004709  -0.707976,0.033740
-0.535870,0.419594  -0.718213,0.393435  -0.671921,0.161674
-0.804830,0.238563  -0.840808,0.145916  -0.671921,0.161674
-0.409213,-0.082578  -0.507051,0.063152  -0.568015,-0.062225
-0.572706,0.051017  -0.452751,0.132722  -0.671921,0.161674
-0.568015,-0.062225  -0.507051,0.063152  -0.572706,0.051017
-0.452751,0.132722  -0.404628,0.317981  -0.671921,0.161674
-0.345484,0.082651  -0.452751,0.132722  -0.507051,0.063152
-0.339098,0.238165  -0.294958,0.258805  -0.312225,0.273593
-0.766224,0.448062  -0.848644,0.528964  -0.847894,0.442081
-0.804830,0.238563  -0.671921,0.161674  -0.718213,0.393435
-0.445642,0.416780  -0.535870,0.419594  -0.404628,0.317981
-0.661694,0.460188  -0.718213,0.393435  -0.535870,0.419594
-0.346855,0.297954  -0.357853,0.380622  -0.404628,0.317981
-0.413521,0.737567  -0.408443,0.760259  -0.513207,0.780814
-0.840808,0.145916  -0.968077,0.250653  -0.988468,0.151428
-0.804830,0.238563  -0.859139,0.310802  -0.968077,0.250653
-0.859139,0.310802  -0.897805,0.440394  -0.937752,0.347305
-0.718213,0.393435  -0.859139,0.310802  -0.804830,0.238563
-0.718213,0.393435  -0.766224,0.448062  -0.859139,0.310802
-0.740310,0.473753  -0.790776,0.612106  -0.848644,0.528964
-0.897805,0.440394  -0.859139,0.310802  -0.847894,0.442081
-0.724793,0.688967  -0.790776,0.612106  -0.655834,0.588871
-0.847894,0.442081  -0.859139,0.310802  -0.766224,0.448062
-0.590079,0.496640  -0.661694,0.460188  -0.535870,0.419594
-0.740310,0.473753  -0.766224,0.448062  -0.718213,0.393435
-0.847894,0.442081  -0.848644,0.528964  -0.897805,0.440394
-0.766224,0.448062  -0.740310,0.473753  -0.848644,0.528964
-0.655834,0.588871  -0.740310,0.473753  -0.661694,0.460188
-0.655834,0.588871  -0.790776,0.612106  -0.740310,0.473753
-0.425356,0.446806  -0.558736,0.556427  -0.505501,0.456607
-0.655834,0.588871  -0.661694,0.460188  -0.590079,0.496640
-0.655834,0.588871  -0.558736,0.556427  -0.651372,0.758758
-0.651372,0.758758  -0.513207,0.780814  -0.571268,0.820763
-0.655834,0.588871  -0.590079,0.496640  -0.558736,0.556427
-0.513207,0.780814  -0.485302,0.874347  -0.571268,0.820763
-0.375851,0.862058  -0.408443,0.760259  -0.352592,0.793034