0.541266,-0.312500  0.448902,-0.220197  0.395388,-0.306053
-0.146946,-0.202254  -0.216506,-0.125000  -0.306364,-0.216255
-0.861707,-0.151942  -0.838241,-0.250953  -0.739553,-0.124747
-0.054235,-0.112621  0.054235,-0.112621  0.000000,0.000000
0.739553,-0.124747  0.624493,-0.025166  0.612369,-0.125016
-0.897805,-0.440394  -0.803439,-0.346570  -0.937752,-0.347305
0.242651,-0.437173  0.149400,-0.343954  0.149682,-0.477070
-0.306364,-0.216255  -0.236658,-0.290892  -0.146946,-0.202254
-0.246019,-0.708502  -0.299268,-0.822231  -0.201789,-0.851414
-0.054235,-0.112621  0.000000,0.000000  -0.121866,-0.027815
-0.237764,0.077254  -0.121866,-0.027815  -0.097729,0.077936
-0.636452,0.600461  -0.790776,0.612106  -0.701858,0.522514
-0.237764,0.077254  -0.367157,0.076296  -0.248630,-0.026132
-0.292792,0.690487  -0.198147,0.723352  -0.299268,0.822231
-0.873520,-0.050877  -0.998717,-0.050649  -0.988468,-0.151428
-0.100257,0.616906  -0.100649,0.489765  0.000000,0.500000
-0.450752,0.432953  -0.603803,0.444885  -0.514365,0.355040
0.201789,0.851414  0.099965,0.743308  0.198147,0.723352
-0.100257,0.616906  -0.099965,0.743308  -0.198147,0.723352
0.636452,0.600461  0.651372,0.758758  0.562439,0.670289
0.480820,0.731052  0.485302,0.874347  0.392699,0.781929
0.274063,0.255957  0.424322,0.264482  0.362396,0.344483
0.198147,0.723352  0.299268,0.822231  0.201789,0.851414
0.246019,-0.708502  0.244979,-0.574987  0.149572,-0.606839
0.101684,0.228386  0.097729,0.077936  0.185786,0.167283
-0.149389,-0.734971  -0.050292,-0.622973  -0.149572,-0.606839
0.746233,0.075072  0.620443,0.075335  0.624493,-0.025166
0.838241,-0.250953  0.968077,-0.250653  0.861707,-0.151942
0.873520,-0.050877  0.998717,-0.050649  0.873520,0.050877
0.968077,-0.250653  0.988468,-0.151428  0.861707,-0.151942
0.838241,0.250953  0.968077,0.250653  0.937752,0.347305
-0.701858,-0.522514  -0.636452,-0.600461  -0.572739,-0.484221
-0.334041,-0.528244  -0.424460,-0.618331  -0.338258,-0.669389
0.149572,-0.606839  0.149682,-0.477070  0.050584,-0.497435
-0.724793,-0.688967  -0.651372,-0.758758  -0.636452,-0.600461
-0.392699,-0.781929  -0.394356,-0.918958  -0.299268,-0.822231
-0.392699,-0.781929  -0.299268,-0.822231  -0.338258,-0.669389
-0.394356,-0.918958  -0.299363,-0.954139  -0.299268,-0.822231
0.000000,-1.000000  0.000000,-0.875000  -0.101168,-0.994869
-0.414452,-0.467819  -0.503089,-0.556239  -0.424460,-0.618331
-0.101581,-0.869084  -0.201299,-0.979530  -0.101168,-0.994869
-0.757772,-0.437500  -0.701858,-0.522514  -0.632169,-0.403562
-0.636452,-0.600461  -0.562439,-0.670289  -0.503089,-0.556239
-0.572739,-0.484221  -0.503089,-0.556239  -0.414452,-0.467819
-0.242651,-0.437173  -0.334041,-0.528244  -0.244979,-0.574987
-0.716327,-0.222207  -0.612369,-0.125016  -0.739553,-0.124747
-0.395388,-0.306053  -0.541266,-0.312500  -0.484128,-0.395278
-0.248630,-0.026132  -0.374126,-0.025591  -0.353348,-0.125580
-0.937752,-0.347305  -0.838241,-0.250953  -0.968077,-0.250653
-0.353348,-0.125580  -0.448902,-0.220197  -0.306364,-0.216255
-0.803439,0.346570  -0.757772,0.437500  -0.897805,0.440394
-0.624493,-0.025166  -0.749581,-0.025061  -0.739553,-0.124747
-0.541266,-0.312500  -0.448902,-0.220197  -0.584385,-0.221628
-0.716327,-0.222207  -0.838241,-0.250953  -0.803439,-0.346570
-0.873520,-0.050877  -0.861707,-0.151942  -0.739553,-0.124747
-0.612369,-0.125016  -0.624493,-0.025166  -0.739553,-0.124747
-0.468876,0.173653  -0.600324,0.173886  -0.494234,0.075714
-0.121866,-0.027815  -0.248630,-0.026132  -0.216506,-0.125000
-0.657712,0.360436  -0.603803,0.444885  -0.757772,0.437500
-0.636452,0.600461  -0.724793,0.688967  -0.790776,0.612106
-0.701858,0.522514  -0.790776,0.612106  -0.848644,0.528964
-0.299268,0.822231  -0.299363,0.954139  -0.394356,0.918958
-0.873520,0.050877  -0.998717,-0.050649  -0.873520,-0.050877
-0.375464,0.499652  -0.464812,0.588600  -0.450752,0.432953
-0.562439,0.670289  -0.651372,0.758758  -0.636452,0.600461
-0.292792,0.690487  -0.290452,0.553410  -0.197917,0.592835
-0.651372,0.758758  -0.724793,0.688967  -0.636452,0.600461
-0.299268,0.822231  -0.198147,0.723352  -0.201789,0.851414
-0.099965,0.743308  0.000000,0.750000  -0.101581,0.869084
-0.197178,0.459479  -0.197917,0.592835  -0.290452,0.553410
0.101684,0.228386  0.185786,0.167283  0.194844,0.320407
-0.480820,0.731052  -0.562439,0.670289  -0.464812,0.588600
-0.285634,0.410382  -0.362396,0.344483  -0.274063,0.255957
-0.285634,0.410382  -0.290452,0.553410  -0.375464,0.499652
-0.197917,0.592835  -0.198147,0.723352  -0.292792,0.690487
-0.101684,0.228386  0.000000,0.250000  -0.101174,0.361094
0.290452,0.553410  0.197178,0.459479  0.285634,0.410382
-0.101174,0.361094  0.000000,0.250000  0.000000,0.375000
0.101684,0.228386  0.000000,0.125000  0.097729,0.077936
0.099965,0.743308  0.000000,0.750000  0.000000,0.625000
0.100649,0.489765  0.000000,0.375000  0.101174,0.361094
0.362396,0.344483  0.285634,0.410382  0.274063,0.255957
0.197178,0.459479  0.100649,0.489765  0.101174,0.361094
0.564657,0.267933  0.657712,0.360436  0.514365,0.355040
0.290452,0.553410  0.197917,0.592835  0.197178,0.459479
-0.099965,0.743308  0.000000,0.625000  0.000000,0.750000
-0.100649,0.489765  -0.197178,0.459479  -0.101174,0.361094
0.000000,0.750000  0.000000,0.875000  -0.101581,0.869084
-0.485302,0.874347  -0.571268,0.820763  -0.480820,0.731052
0.392699,0.781929  0.394356,0.918958  0.299268,0.822231
-0.299268,0.822231  -0.394356,0.918958  -0.392699,0.781929
0.464812,0.588600  0.375464,0.499652  0.450752,0.432953
-0.201299,0.979530  -0.299363,0.954139  -0.201789,0.851414
0.701858,0.522514  0.636452,0.600461  0.603803,0.444885
0.464812,0.588600  0.480820,0.731052  0.382212,0.645301
0.701858,0.522514  0.790776,0.612106  0.636452,0.600461
0.651372,0.758758  0.571268,0.820763  0.562439,0.670289
0.803439,0.346570  0.699885,0.269556  0.838241,0.250953
0.564657,0.267933  0.424322,0.264482  0.468876,0.173653
0.937752,0.347305  0.803439,0.346570  0.838241,0.250953
0.636452,0.600461  0.539118,0.521394  0.603803,0.444885
0.897805,0.440394  0.848644,0.528964  0.757772,0.437500
0.790776,0.612106  0.724793,0.688967  0.636452,0.600461
0.937752,0.347305  0.897805,0.440394  0.803439,0.346570
0.395388,-0.306053  0.484128,-0.395278  0.541266,-0.312500
0.861707,0.151942  0.988468,0.151428  0.968077,0.250653
0.494234,0.075714  0.620443,0.075335  0.600324,0.173886
0.699885,0.269556  0.657712,0.360436  0.564657,0.267933
0.998717,0.050649  0.988468,0.151428  0.873520,0.050877
-0.101174,0.361094  -0.194844,0.320407  -0.101684,0.228386
0.146946,-0.202254  0.306364,-0.216255  0.216506,-0.125000
-0.216506,-0.125000  -0.146946,-0.202254  -0.054235,-0.112621
0.612369,-0.125016  0.584385,-0.221628  0.716327,-0.222207
0.620443,0.075335  0.729569,0.173865  0.600324,0.173886
0.468876,0.173653  0.424322,0.264482  0.332957,0.172524
0.050584,-0.497435  0.149682,-0.477070  0.051062,-0.371507
-0.149389,-0.734971  -0.246019,-0.708502  -0.201789,-0.851414
0.201789,-0.851414  0.101581,-0.869084  0.201299,-0.979530
0.149389,-0.734971  0.050095,-0.748325  0.101581,-0.869084
-0.051062,-0.371507  0.051062,-0.371507  -0.051978,-0.244537
0.325686,-0.379379  0.334041,-0.528244  0.414452,-0.467819
0.246019,-0.708502  0.338258,-0.669389  0.244979,-0.574987
0.424460,-0.618331  0.480820,-0.731052  0.562439,-0.670289
0.541266,-0.312500  0.680318,-0.315701  0.584385,-0.221628
0.716327,-0.222207  0.803439,-0.346570  0.838241,-0.250953
0.632169,-0.403562  0.701858,-0.522514  0.757772,-0.437500
0.636452,-0.600461  0.562439,-0.670289  0.651372,-0.758758
0.680318,-0.315701  0.716327,-0.222207  0.584385,-0.221628
0.680318,-0.315701  0.803439,-0.346570  0.716327,-0.222207
-0.724793,-0.688967  -0.636452,-0.600461  -0.790776,-0.612106
-0.562439,-0.670289  -0.480820,-0.731052  -0.424460,-0.618331
-0.571268,-0.820763  -0.480820,-0.731052  -0.562439,-0.670289
-0.790776,-0.612106  -0.636452,-0.600461  -0.701858,-0.522514
-0.680318,-0.315701  -0.757772,-0.437500  -0.632169,-0.403562
-0.848644,-0.528964  -0.790776,-0.612106  -0.701858,-0.522514
-0.701858,-0.522514  -0.572739,-0.484221  -0.632169,-0.403562
-0.636452,-0.600461  -0.503089,-0.556239  -0.572739,-0.484221
-0.562439,-0.670289  -0.424460,-0.618331  -0.503089,-0.556239
-0.480820,-0.731052  -0.392699,-0.781929  -0.338258,-0.669389
-0.236658,-0.290892  -0.395388,-0.306053  -0.325686,-0.379379
-0.484128,-0.395278  -0.541266,-0.312500  -0.632169,-0.403562
-0.149682,-0.477070  -0.242651,-0.437173  -0.244979,-0.574987
-0.414452,-0.467819  -0.424460,-0.618331  -0.334041,-0.528244
-0.485302,-0.874347  -0.480820,-0.731052  -0.571268,-0.820763
-0.651372,-0.758758  -0.562439,-0.670289  -0.636452,-0.600461
-0.651372,-0.758758  -0.571268,-0.820763  -0.562439,-0.670289
-0.485302,-0.874347  -0.392699,-0.781929  -0.480820,-0.731052
-0.485302,-0.874347  -0.394356,-0.918958  -0.392699,-0.781929
-0.244979,-0.574987  -0.338258,-0.669389  -0.246019,-0.708502
-0.424460,-0.618331  -0.480820,-0.731052  -0.338258,-0.669389
-0.201789,-0.851414  -0.299363,-0.954139  -0.201299,-0.979530
-0.050095,-0.748325  -0.149389,-0.734971  -0.101581,-0.869084
-0.299268,-0.822231  -0.299363,-0.954139  -0.201789,-0.851414
0.050095,-0.748325  -0.050095,-0.748325  0.000000,-0.875000
-0.201789,-0.851414  -0.201299,-0.979530  -0.101581,-0.869084
0.000000,-0.875000  -0.101581,-0.869084  -0.101168,-0.994869
0.101581,-0.869084  0.000000,-0.875000  0.101168,-0.994869
0.101168,-0.994869  0.000000,-0.875000  0.000000,-1.000000
0.101581,-0.869084  0.050095,-0.748325  0.000000,-0.875000
-0.149682,-0.477070  -0.050584,-0.497435  -0.051062,-0.371507
0.050292,-0.622973  0.050095,-0.748325  0.149389,-0.734971
-0.149572,-0.606839  -0.050292,-0.622973  -0.050584,-0.497435
-0.149572,-0.606839  -0.246019,-0.708502  -0.149389,-0.734971
0.000000,-0.875000  -0.050095,-0.748325  -0.101581,-0.869084
0.050095,-0.748325  -0.050292,-0.622973  -0.050095,-0.748325
-0.244979,-0.574987  -0.246019,-0.708502  -0.149572,-0.606839
-0.338258,-0.669389  -0.299268,-0.822231  -0.246019,-0.708502
-0.050584,-0.497435  -0.149682,-0.477070  -0.149572,-0.606839
-0.334041,-0.528244  -0.338258,-0.669389  -0.244979,-0.574987
-0.236658,-0.290892  -0.242651,-0.437173  -0.149400,-0.343954
-0.244979,-0.574987  -0.149572,-0.606839  -0.149682,-0.477070
-0.101581,-0.869084  -0.149389,-0.734971  -0.201789,-0.851414
-0.050095,-0.748325  -0.050292,-0.622973  -0.149389,-0.734971
-0.334041,-0.528244  -0.325686,-0.379379  -0.414452,-0.467819
-0.353348,-0.125580  -0.216506,-0.125000  -0.248630,-0.026132
-0.236658,-0.290892  -0.325686,-0.379379  -0.242651,-0.437173
-0.395388,-0.306053  -0.484128,-0.395278  -0.325686,-0.379379
-0.149400,-0.343954  -0.242651,-0.437173  -0.149682,-0.477070
-0.325686,-0.379379  -0.334041,-0.528244  -0.242651,-0.437173
-0.051978,-0.244537  -0.146946,-0.202254  -0.149400,-0.343954
-0.306364,-0.216255  -0.395388,-0.306053  -0.236658,-0.290892
-0.149682,-0.477070  -0.051062,-0.371507  -0.149400,-0.343954
0.051978,-0.244537  0.146946,-0.202254  0.054235,-0.112621
-0.149400,-0.343954  -0.051062,-0.371507  -0.051978,-0.244537
0.051978,-0.244537  0.149400,-0.343954  0.146946,-0.202254
-0.185786,0.167283  -0.274063,0.255957  -0.332957,0.172524
-0.353348,-0.125580  -0.484039,-0.125326  -0.448902,-0.220197
-0.149400,-0.343954  -0.146946,-0.202254  -0.236658,-0.290892
-0.051978,-0.244537  0.054235,-0.112621  -0.054235,-0.112621
-0.216506,-0.125000  -0.054235,-0.112621  -0.121866,-0.027815
-0.146946,-0.202254  -0.051978,-0.244537  -0.054235,-0.112621
-0.624493,-0.025166  -0.612369,-0.125016  -0.499358,-0.025325
-0.448902,-0.220197  -0.395388,-0.306053  -0.306364,-0.216255
-0.612369,-0.125016  -0.584385,-0.221628  -0.484039,-0.125326
-0.484128,-0.395278  -0.632169,-0.403562  -0.572739,-0.484221
-0.332957,0.172524  -0.468876,0.173653  -0.367157,0.076296
-0.499358,-0.025325  -0.484039,-0.125326  -0.374126,-0.025591
-0.216506,-0.125000  -0.353348,-0.125580  -0.306364,-0.216255
-0.374126,-0.025591  -0.484039,-0.125326  -0.353348,-0.125580
-0.746233,0.075072  -0.749581,-0.025061  -0.624493,-0.025166
-0.873520,0.050877  -0.988468,0.151428  -0.998717,0.050649
-0.716327,-0.222207  -0.584385,-0.221628  -0.612369,-0.125016
-0.484039,-0.125326  -0.499358,-0.025325  -0.612369,-0.125016
-0.632169,-0.403562  -0.541266,-0.312500  -0.680318,-0.315701
-0.448902,-0.220197  -0.484039,-0.125326  -0.584385,-0.221628
-0.584385,-0.221628  -0.716327,-0.222207  -0.680318,-0.315701
-0.739553,-0.124747  -0.838241,-0.250953  -0.716327,-0.222207
-0.448902,-0.220197  -0.541266,-0.312500  -0.395388,-0.306053
-0.584385,-0.221628  -0.680318,-0.315701  -0.541266,-0.312500
-0.414452,-0.467819  -0.484128,-0.395278  -0.572739,-0.484221
-0.414452,-0.467819  -0.325686,-0.379379  -0.484128,-0.395278
-0.803439,-0.346570  -0.757772,-0.437500  -0.680318,-0.315701
-0.848644,-0.528964  -0.701858,-0.522514  -0.757772,-0.437500
-0.716327,-0.222207  -0.803439,-0.346570  -0.680318,-0.315701
-0.897805,-0.440394  -0.848644,-0.528964  -0.757772,-0.437500
-0.968077,-0.250653  -0.838241,-0.250953  -0.861707,-0.151942
-0.749581,-0.025061  -0.873520,-0.050877  -0.739553,-0.124747
-0.729569,0.173865  -0.861707,0.151942  -0.746233,0.075072
-0.988468,-0.151428  -0.861707,-0.151942  -0.873520,-0.050877
-0.988468,-0.151428  -0.968077,-0.250653  -0.861707,-0.151942
-0.937752,-0.347305  -0.803439,-0.346570  -0.838241,-0.250953
-0.897805,-0.440394  -0.757772,-0.437500  -0.803439,-0.346570
-0.873520,0.050877  -0.998717,0.050649  -0.998717,-0.050649
-0.861707,0.151942  -0.988468,0.151428  -0.873520,0.050877
-0.749581,-0.025061  -0.873520,0.050877  -0.873520,-0.050877
-0.749581,-0.025061  -0.746233,0.075072  -0.873520,0.050877
-0.499358,-0.025325  -0.620443,0.075335  -0.624493,-0.025166
-0.861707,0.151942  -0.968077,0.250653  -0.988468,0.151428
-0.624493,-0.025166  -0.620443,0.075335  -0.746233,0.075072
-0.699885,0.269556  -0.600324,0.173886  -0.564657,0.267933
-0.499358,-0.025325  -0.494234,0.075714  -0.620443,0.075335
-0.499358,-0.025325  -0.374126,-0.025591  -0.494234,0.075714
-0.620443,0.075335  -0.600324,0.173886  -0.729569,0.173865
-0.367157,0.076296  -0.468876,0.173653  -0.494234,0.075714
-0.729569,0.173865  -0.600324,0.173886  -0.699885,0.269556
-0.620443,0.075335  -0.494234,0.075714  -0.600324,0.173886
-0.514365,0.355040  -0.564657,0.267933  -0.424322,0.264482
-0.514365,0.355040  -0.657712,0.360436  -0.564657,0.267933
-0.937752,0.347305  -0.968077,0.250653  -0.838241,0.250953
-0.746233,0.075072  -0.861707,0.151942  -0.873520,0.050877
-0.729569,0.173865  -0.699885,0.269556  -0.838241,0.250953
-0.657712,0.360436  -0.803439,0.346570  -0.699885,0.269556
-0.968077,0.250653  -0.861707,0.151942  -0.838241,0.250953
-0.861707,0.151942  -0.729569,0.173865  -0.838241,0.250953
-0.746233,0.075072  -0.620443,0.075335  -0.729569,0.173865
-0.803439,0.346570  -0.937752,0.347305  -0.838241,0.250953
-0.848644,0.528964  -0.897805,0.440394  -0.757772,0.437500
-0.937752,0.347305  -0.803439,0.346570  -0.897805,0.440394
-0.838241,0.250953  -0.699885,0.269556  -0.803439,0.346570
-0.701858,0.522514  -0.848644,0.528964  -0.757772,0.437500
-0.603803,0.444885  -0.701858,0.522514  -0.757772,0.437500
-0.603803,0.444885  -0.539118,0.521394  -0.636452,0.600461
-0.571268,0.820763  -0.651372,0.758758  -0.562439,0.670289
-0.101581,0.869084  -0.101168,0.994869  -0.201299,0.979530
-0.394356,0.918958  -0.485302,0.874347  -0.392699,0.781929
-0.803439,0.346570  -0.657712,0.360436  -0.757772,0.437500
-0.699885,0.269556  -0.564657,0.267933  -0.657712,0.360436
-0.603803,0.444885  -0.636452,0.600461  -0.701858,0.522514
-0.539118,0.521394  -0.464812,0.588600  -0.562439,0.670289
-0.539118,0.521394  -0.562439,0.670289  -0.636452,0.600461
-0.464812,0.588600  -0.382212,0.645301  -0.480820,0.731052
-0.450752,0.432953  -0.514365,0.355040  -0.362396,0.344483
-0.603803,0.444885  -0.657712,0.360436  -0.514365,0.355040
-0.485302,0.874347  -0.480820,0.731052  -0.392699,0.781929
-0.571268,0.820763  -0.562439,0.670289  -0.480820,0.731052
-0.480820,0.731052  -0.382212,0.645301  -0.392699,0.781929
-0.464812,0.588600  -0.375464,0.499652  -0.382212,0.645301
-0.382212,0.645301  -0.292792,0.690487  -0.392699,0.781929
-0.382212,0.645301  -0.290452,0.553410  -0.292792,0.690487
0.101581,0.869084  0.101168,0.994869  0.000000,0.875000
0.201789,0.851414  0.201299,0.979530  0.101581,0.869084
-0.292792,0.690487  -0.299268,0.822231  -0.392699,0.781929
-0.201789,0.851414  -0.299363,0.954139  -0.299268,0.822231
-0.101581,0.869084  -0.201299,0.979530  -0.201789,0.851414
0.000000,1.000000  -0.101168,0.994869  0.000000,0.875000
0.101168,0.994869  0.000000,1.000000  0.000000,0.875000
-0.198147,0.723352  -0.099965,0.743308  -0.201789,0.851414
0.000000,0.875000  -0.101168,0.994869  -0.101581,0.869084
-0.197917,0.592835  -0.100257,0.616906  -0.198147,0.723352
-0.197917,0.592835  -0.197178,0.459479  -0.100649,0.489765
-0.201789,0.851414  -0.099965,0.743308  -0.101581,0.869084
-0.100257,0.616906  0.000000,0.625000  -0.099965,0.743308
0.100257,0.616906  0.099965,0.743308  0.000000,0.625000
0.101581,0.869084  0.000000,0.875000  0.000000,0.750000
-0.285634,0.410382  -0.194844,0.320407  -0.197178,0.459479
-0.274063,0.255957  -0.424322,0.264482  -0.332957,0.172524
-0.100649,0.489765  -0.101174,0.361094  0.000000,0.375000
-0.197178,0.459479  -0.194844,0.320407  -0.101174,0.361094
0.000000,0.500000  -0.100649,0.489765  0.000000,0.375000
-0.100257,0.616906  -0.197917,0.592835  -0.100649,0.489765
-0.539118,0.521394  -0.450752,0.432953  -0.464812,0.588600
-0.539118,0.521394  -0.603803,0.444885  -0.450752,0.432953
-0.514365,0.355040  -0.424322,0.264482  -0.362396,0.344483
-0.564657,0.267933  -0.600324,0.173886  -0.468876,0.173653
-0.362396,0.344483  -0.375464,0.499652  -0.450752,0.432953
-0.290452,0.553410  -0.382212,0.645301  -0.375464,0.499652
-0.290452,0.553410  -0.285634,0.410382  -0.197178,0.459479
-0.375464,0.499652  -0.362396,0.344483  -0.285634,0.410382
-0.374126,-0.025591  -0.367157,0.076296  -0.494234,0.075714
-0.424322,0.264482  -0.564657,0.267933  -0.468876,0.173653
-0.248630,-0.026132  -0.367157,0.076296  -0.374126,-0.025591
-0.237764,0.077254  -0.097729,0.077936  -0.185786,0.167283
-0.185786,0.167283  -0.332957,0.172524  -0.237764,0.077254
-0.424322,0.264482  -0.468876,0.173653  -0.332957,0.172524
-0.285634,0.410382  -0.274063,0.255957  -0.194844,0.320407
-0.362396,0.344483  -0.424322,0.264482  -0.274063,0.255957
-0.367157,0.076296  -0.237764,0.077254  -0.332957,0.172524
-0.248630,-0.026132  -0.121866,-0.027815  -0.237764,0.077254
0.000000,0.125000  -0.101684,0.228386  -0.097729,0.077936
-0.194844,0.320407  -0.274063,0.255957  -0.185786,0.167283
-0.185786,0.167283  -0.101684,0.228386  -0.194844,0.320407